 The logarithm of the determinant of the hessian = 1.40918
 index   name       value      std dev       1       2       3       4       5       6       7       8       9      10      11      12      13      14      15      16      17      18      19      20      21      22      23      24      25      26      27      28      29      30      31      32      33      34      35      36      37      38      39      40      41      42      43      44      45      46      47      48      49      50      51      52      53      54      55      56      57      58      59      60      61      62      63      64      65      66      67      68      69      70      71      72      73      74      75      76      77   
     1   logSdLam -2.8456e+000 4.9431e-001   1.0000
     2   biom     1.0756e+001 1.7283e-001   0.5382  1.0000
     3   biom     1.0757e+001 1.6604e-001   0.5673  0.9431  1.0000
     4   biom     1.0757e+001 1.5858e-001   0.6014  0.8851  0.9382  1.0000
     5   biom     1.0758e+001 1.5034e-001   0.6422  0.8256  0.8747  0.9320  1.0000
     6   biom     1.0792e+001 1.3566e-001   0.5492  0.7557  0.8008  0.8534  0.9159  1.0000
     7   biom     1.0826e+001 1.2144e-001   0.4320  0.6661  0.7061  0.7528  0.8082  0.8955  1.0000
     8   biom     1.0860e+001 1.0788e-001   0.2820  0.5495  0.5829  0.6218  0.6679  0.7586  0.8679  1.0000
     9   biom     1.0883e+001 1.0700e-001   0.2085  0.4594  0.4875  0.5201  0.5589  0.6415  0.7413  0.8623  1.0000
    10   biom     1.0906e+001 1.0427e-001   0.1363  0.3744  0.3974  0.4242  0.4560  0.5318  0.6236  0.7352  0.8578  1.0000
    11   biom     1.0928e+001 9.9534e-002   0.0613  0.2905  0.3086  0.3297  0.3546  0.4246  0.5095  0.6133  0.7223  0.8479  1.0000
    12   biom     1.0948e+001 1.0067e-001   0.0135  0.2254  0.2396  0.2561  0.2757  0.3385  0.4150  0.5086  0.6037  0.7129  0.8446  1.0000
    13   biom     1.0968e+001 9.9229e-002  -0.0341  0.1659  0.1766  0.1890  0.2037  0.2610  0.3309  0.4168  0.5005  0.5960  0.7107  0.8442  1.0000
    14   biom     1.0988e+001 9.5084e-002  -0.0854  0.1077  0.1149  0.1233  0.1332  0.1863  0.2513  0.3315  0.4055  0.4892  0.5891  0.7031  0.8358  1.0000
    15   biom     1.0995e+001 9.6832e-002  -0.0150  0.1203  0.1280  0.1370  0.1476  0.1867  0.2344  0.2930  0.3507  0.4166  0.4959  0.5884  0.6966  0.8310  1.0000
    16   biom     1.1003e+001 9.5887e-002   0.0544  0.1363  0.1447  0.1544  0.1659  0.1923  0.2242  0.2630  0.3062  0.3563  0.4173  0.4913  0.5782  0.6867  0.8323  1.0000
    17   biom     1.1010e+001 9.2164e-002   0.1290  0.1572  0.1665  0.1773  0.1902  0.2040  0.2203  0.2394  0.2686  0.3036  0.3473  0.4039  0.4712  0.5559  0.6812  0.8245  1.0000
    18   biom     1.1033e+001 9.0667e-002   0.0463  0.0971  0.1030  0.1099  0.1181  0.1350  0.1554  0.1801  0.2085  0.2416  0.2821  0.3315  0.3897  0.4625  0.5613  0.6751  0.8150  1.0000
    19   biom     1.1056e+001 8.5939e-002  -0.0406  0.0363  0.0389  0.0418  0.0452  0.0661  0.0917  0.1233  0.1519  0.1843  0.2227  0.2663  0.3170  0.3796  0.4539  0.5403  0.6473  0.8029  1.0000
    20   biom     1.1073e+001 8.4339e-002  -0.0619  0.0128  0.0139  0.0152  0.0167  0.0360  0.0598  0.0893  0.1142  0.1420  0.1747  0.2107  0.2523  0.3034  0.3602  0.4266  0.5092  0.6350  0.7938  1.0000
    21   biom     1.1089e+001 7.7944e-002  -0.0892 -0.0123 -0.0127 -0.0131 -0.0136  0.0052  0.0284  0.0574  0.0797  0.1041  0.1325  0.1623  0.1964  0.2381  0.2791  0.3275  0.3883  0.4890  0.6153  0.7756  1.0000
    22   biom     1.1101e+001 8.2047e-002  -0.0623 -0.0060 -0.0061 -0.0062 -0.0063  0.0075  0.0247  0.0461  0.0628  0.0812  0.1026  0.1252  0.1512  0.1830  0.2150  0.2528  0.3001  0.3772  0.4740  0.5974  0.7702  1.0000
    23   biom     1.1112e+001 8.0939e-002  -0.0404 -0.0003 -0.0001  0.0001  0.0003  0.0103  0.0227  0.0381  0.0505  0.0642  0.0803  0.0975  0.1174  0.1417  0.1672  0.1971  0.2346  0.2939  0.3685  0.4643  0.5986  0.7776  1.0000
    24   biom     1.1137e+001 8.5086e-002  -0.1762 -0.0783 -0.0824 -0.0872 -0.0930 -0.0717 -0.0452 -0.0116  0.0086  0.0297  0.0529  0.0731  0.0953  0.1215  0.1309  0.1439  0.1619  0.2195  0.2896  0.3665  0.4738  0.6077  0.7757  1.0000
    25   biom     1.1162e+001 8.5975e-002  -0.3107 -0.1548 -0.1630 -0.1727 -0.1843 -0.1517 -0.1108 -0.0588 -0.0305 -0.0017  0.0292  0.0529  0.0781  0.1070  0.1017  0.0992  0.0996  0.1579  0.2263  0.2882  0.3742  0.4708  0.5940  0.7878  1.0000
    26   biom     1.1172e+001 9.0001e-002  -0.3099 -0.1570 -0.1654 -0.1752 -0.1870 -0.1553 -0.1155 -0.0647 -0.0376 -0.0102  0.0190  0.0408  0.0638  0.0899  0.0811  0.0746  0.0700  0.1213  0.1809  0.2311  0.3006  0.3748  0.4705  0.6320  0.8079  1.0000
    27   biom     1.1183e+001 8.9658e-002  -0.3242 -0.1668 -0.1757 -0.1862 -0.1987 -0.1663 -0.1255 -0.0735 -0.0462 -0.0189  0.0101  0.0312  0.0531  0.0778  0.0652  0.0546  0.0451  0.0922  0.1462  0.1875  0.2446  0.3011  0.3750  0.5134  0.6631  0.8148  1.0000
    28   biom     1.1185e+001 8.9553e-002  -0.2684 -0.1382 -0.1456 -0.1543 -0.1647 -0.1379 -0.1041 -0.0611 -0.0386 -0.0161  0.0079  0.0252  0.0432  0.0635  0.0529  0.0439  0.0358  0.0744  0.1187  0.1523  0.1987  0.2444  0.3041  0.4169  0.5390  0.6619  0.8121  1.0000
    29   biom     1.1187e+001 8.5371e-002  -0.2225 -0.1147 -0.1209 -0.1281 -0.1367 -0.1146 -0.0867 -0.0511 -0.0325 -0.0139  0.0058  0.0201  0.0349  0.0516  0.0426  0.0348  0.0278  0.0593  0.0954  0.1225  0.1600  0.1964  0.2441  0.3356  0.4345  0.5330  0.6535  0.8038  1.0000
    30   biom     1.1182e+001 8.7436e-002  -0.1082 -0.0542 -0.0571 -0.0604 -0.0645 -0.0532 -0.0391 -0.0211 -0.0113 -0.0015  0.0091  0.0172  0.0258  0.0356  0.0334  0.0321  0.0317  0.0514  0.0743  0.0947  0.1230  0.1545  0.1946  0.2589  0.3293  0.4091  0.5056  0.6312  0.7933  1.0000
    31   biom     1.1176e+001 8.6225e-002   0.0008  0.0037  0.0040  0.0042  0.0045  0.0054  0.0065  0.0078  0.0092  0.0108  0.0127  0.0151  0.0178  0.0211  0.0255  0.0306  0.0369  0.0454  0.0562  0.0708  0.0912  0.1188  0.1531  0.1929  0.2376  0.3019  0.3783  0.4843  0.6187  0.7951  1.0000
    32   biom     1.1184e+001 8.9451e-002  -0.0381 -0.0178 -0.0188 -0.0199 -0.0212 -0.0169 -0.0115 -0.0046 -0.0007  0.0034  0.0079  0.0116  0.0156  0.0203  0.0211  0.0225  0.0247  0.0347  0.0468  0.0593  0.0768  0.0980  0.1247  0.1619  0.2031  0.2548  0.3168  0.3999  0.5062  0.6436  0.8042  1.0000
    33   biom     1.1192e+001 8.8784e-002  -0.0775 -0.0396 -0.0417 -0.0442 -0.0472 -0.0393 -0.0295 -0.0169 -0.0103 -0.0036  0.0035  0.0087  0.0142  0.0204  0.0177  0.0156  0.0139  0.0259  0.0397  0.0508  0.0662  0.0820  0.1025  0.1390  0.1785  0.2202  0.2709  0.3354  0.4191  0.5247  0.6493  0.8092  1.0000
    34   biom     1.1208e+001 9.4998e-002  -0.1945 -0.1030 -0.1085 -0.1150 -0.1228 -0.1042 -0.0808 -0.0509 -0.0358 -0.0209 -0.0053  0.0052  0.0159  0.0277  0.0162  0.0054 -0.0059  0.0146  0.0372  0.0490  0.0649  0.0741  0.0877  0.1349  0.1845  0.2178  0.2605  0.3048  0.3660  0.4357  0.5212  0.6548  0.8132  1.0000
    35   biom     1.1223e+001 9.8975e-002  -0.3039 -0.1622 -0.1709 -0.1812 -0.1935 -0.1648 -0.1287 -0.0825 -0.0596 -0.0369 -0.0133  0.0022  0.0178  0.0348  0.0152 -0.0037 -0.0238  0.0049  0.0359  0.0485  0.0653  0.0687  0.0763  0.1343  0.1940  0.2206  0.2569  0.2843  0.3266  0.3656  0.4182  0.5311  0.6641  0.8313  1.0000
    36   biom     1.1211e+001 1.0277e-001  -0.1750 -0.0930 -0.0980 -0.1039 -0.1109 -0.0943 -0.0734 -0.0466 -0.0332 -0.0200 -0.0061  0.0031  0.0124  0.0226  0.0119  0.0016 -0.0092  0.0083  0.0275  0.0365  0.0487  0.0540  0.0626  0.1008  0.1407  0.1638  0.1940  0.2227  0.2634  0.3073  0.3625  0.4570  0.5687  0.7033  0.8399  1.0000
    37   biom     1.1200e+001 1.0547e-001  -0.0559 -0.0291 -0.0306 -0.0325 -0.0346 -0.0291 -0.0222 -0.0134 -0.0088 -0.0043  0.0006  0.0040  0.0075  0.0114  0.0089  0.0066  0.0043  0.0117  0.0199  0.0257  0.0336  0.0408  0.0504  0.0705  0.0921  0.1123  0.1371  0.1672  0.2069  0.2559  0.3141  0.3922  0.4852  0.5906  0.6984  0.8494  1.0000
    38   biom     1.1200e+001 1.2040e-001  -0.0490 -0.0255 -0.0268 -0.0284 -0.0303 -0.0255 -0.0195 -0.0117 -0.0077 -0.0037  0.0005  0.0035  0.0066  0.0100  0.0078  0.0057  0.0038  0.0102  0.0175  0.0225  0.0295  0.0358  0.0441  0.0617  0.0807  0.0983  0.1200  0.1465  0.1812  0.2241  0.2751  0.3435  0.4250  0.5173  0.6117  0.7440  0.8759  1.0000
    39   biom     1.1200e+001 1.3368e-001  -0.0441 -0.0229 -0.0242 -0.0256 -0.0273 -0.0230 -0.0175 -0.0106 -0.0070 -0.0034  0.0004  0.0031  0.0059  0.0090  0.0070  0.0052  0.0034  0.0092  0.0157  0.0203  0.0265  0.0322  0.0397  0.0556  0.0727  0.0886  0.1081  0.1319  0.1632  0.2018  0.2478  0.3094  0.3828  0.4659  0.5510  0.6701  0.7889  0.9007  1.0000
    40   biomsd   1.0756e+001 1.7283e-001   0.5382  1.0000  0.9431  0.8851  0.8256  0.7557  0.6661  0.5495  0.4594  0.3744  0.2905  0.2254  0.1659  0.1077  0.1203  0.1363  0.1572  0.0971  0.0363  0.0128 -0.0123 -0.0060 -0.0003 -0.0783 -0.1548 -0.1570 -0.1668 -0.1382 -0.1147 -0.0542  0.0037 -0.0178 -0.0396 -0.1030 -0.1622 -0.0930 -0.0291 -0.0255 -0.0229  1.0000
    41   biomsd   1.0757e+001 1.6604e-001   0.5673  0.9431  1.0000  0.9382  0.8747  0.8008  0.7061  0.5829  0.4875  0.3974  0.3086  0.2396  0.1766  0.1149  0.1280  0.1447  0.1665  0.1030  0.0389  0.0139 -0.0127 -0.0061 -0.0001 -0.0824 -0.1630 -0.1654 -0.1757 -0.1456 -0.1209 -0.0571  0.0040 -0.0188 -0.0417 -0.1085 -0.1709 -0.0980 -0.0306 -0.0268 -0.0242  0.9431  1.0000
    42   biomsd   1.0757e+001 1.5858e-001   0.6014  0.8851  0.9382  1.0000  0.9320  0.8534  0.7528  0.6218  0.5201  0.4242  0.3297  0.2561  0.1890  0.1233  0.1370  0.1544  0.1773  0.1099  0.0418  0.0152 -0.0131 -0.0062  0.0001 -0.0872 -0.1727 -0.1752 -0.1862 -0.1543 -0.1281 -0.0604  0.0042 -0.0199 -0.0442 -0.1150 -0.1812 -0.1039 -0.0325 -0.0284 -0.0256  0.8851  0.9382  1.0000
    43   biomsd   1.0758e+001 1.5034e-001   0.6422  0.8256  0.8747  0.9320  1.0000  0.9159  0.8082  0.6679  0.5589  0.4560  0.3546  0.2757  0.2037  0.1332  0.1476  0.1659  0.1902  0.1181  0.0452  0.0167 -0.0136 -0.0063  0.0003 -0.0930 -0.1843 -0.1870 -0.1987 -0.1647 -0.1367 -0.0645  0.0045 -0.0212 -0.0472 -0.1228 -0.1935 -0.1109 -0.0346 -0.0303 -0.0273  0.8256  0.8747  0.9320  1.0000
    44   biomsd   1.0792e+001 1.3566e-001   0.5492  0.7557  0.8008  0.8534  0.9159  1.0000  0.8955  0.7586  0.6415  0.5318  0.4246  0.3385  0.2610  0.1863  0.1867  0.1923  0.2040  0.1350  0.0661  0.0360  0.0052  0.0075  0.0103 -0.0717 -0.1517 -0.1553 -0.1663 -0.1379 -0.1146 -0.0532  0.0054 -0.0169 -0.0393 -0.1042 -0.1648 -0.0943 -0.0291 -0.0255 -0.0230  0.7557  0.8008  0.8534  0.9159  1.0000
    45   biomsd   1.0826e+001 1.2144e-001   0.4320  0.6661  0.7061  0.7528  0.8082  0.8955  1.0000  0.8679  0.7413  0.6236  0.5095  0.4150  0.3309  0.2513  0.2344  0.2242  0.2203  0.1554  0.0917  0.0598  0.0284  0.0247  0.0227 -0.0452 -0.1108 -0.1155 -0.1255 -0.1041 -0.0867 -0.0391  0.0065 -0.0115 -0.0295 -0.0808 -0.1287 -0.0734 -0.0222 -0.0195 -0.0175  0.6661  0.7061  0.7528  0.8082  0.8955  1.0000
    46   biomsd   1.0860e+001 1.0788e-001   0.2820  0.5495  0.5829  0.6218  0.6679  0.7586  0.8679  1.0000  0.8623  0.7352  0.6133  0.5086  0.4168  0.3315  0.2930  0.2630  0.2394  0.1801  0.1233  0.0893  0.0574  0.0461  0.0381 -0.0116 -0.0588 -0.0647 -0.0735 -0.0611 -0.0511 -0.0211  0.0078 -0.0046 -0.0169 -0.0509 -0.0825 -0.0466 -0.0134 -0.0117 -0.0106  0.5495  0.5829  0.6218  0.6679  0.7586  0.8679  1.0000
    47   biomsd   1.0883e+001 1.0700e-001   0.2085  0.4594  0.4875  0.5201  0.5589  0.6415  0.7413  0.8623  1.0000  0.8578  0.7223  0.6037  0.5005  0.4055  0.3507  0.3062  0.2686  0.2085  0.1519  0.1142  0.0797  0.0628  0.0505  0.0086 -0.0305 -0.0376 -0.0462 -0.0386 -0.0325 -0.0113  0.0092 -0.0007 -0.0103 -0.0358 -0.0596 -0.0332 -0.0088 -0.0077 -0.0070  0.4594  0.4875  0.5201  0.5589  0.6415  0.7413  0.8623  1.0000
    48   biomsd   1.0906e+001 1.0427e-001   0.1363  0.3744  0.3974  0.4242  0.4560  0.5318  0.6236  0.7352  0.8578  1.0000  0.8479  0.7129  0.5960  0.4892  0.4166  0.3563  0.3036  0.2416  0.1843  0.1420  0.1041  0.0812  0.0642  0.0297 -0.0017 -0.0102 -0.0189 -0.0161 -0.0139 -0.0015  0.0108  0.0034 -0.0036 -0.0209 -0.0369 -0.0200 -0.0043 -0.0037 -0.0034  0.3744  0.3974  0.4242  0.4560  0.5318  0.6236  0.7352  0.8578  1.0000
    49   biomsd   1.0928e+001 9.9534e-002   0.0613  0.2905  0.3086  0.3297  0.3546  0.4246  0.5095  0.6133  0.7223  0.8479  1.0000  0.8446  0.7107  0.5891  0.4959  0.4173  0.3473  0.2821  0.2227  0.1747  0.1325  0.1026  0.0803  0.0529  0.0292  0.0190  0.0101  0.0079  0.0058  0.0091  0.0127  0.0079  0.0035 -0.0053 -0.0133 -0.0061  0.0006  0.0005  0.0004  0.2905  0.3086  0.3297  0.3546  0.4246  0.5095  0.6133  0.7223  0.8479  1.0000
    50   biomsd   1.0948e+001 1.0067e-001   0.0135  0.2254  0.2396  0.2561  0.2757  0.3385  0.4150  0.5086  0.6037  0.7129  0.8446  1.0000  0.8442  0.7031  0.5884  0.4913  0.4039  0.3315  0.2663  0.2107  0.1623  0.1252  0.0975  0.0731  0.0529  0.0408  0.0312  0.0252  0.0201  0.0172  0.0151  0.0116  0.0087  0.0052  0.0022  0.0031  0.0040  0.0035  0.0031  0.2254  0.2396  0.2561  0.2757  0.3385  0.4150  0.5086  0.6037  0.7129  0.8446  1.0000
    51   biomsd   1.0968e+001 9.9229e-002  -0.0341  0.1659  0.1766  0.1890  0.2037  0.2610  0.3309  0.4168  0.5005  0.5960  0.7107  0.8442  1.0000  0.8358  0.6966  0.5782  0.4712  0.3897  0.3170  0.2523  0.1964  0.1512  0.1174  0.0953  0.0781  0.0638  0.0531  0.0432  0.0349  0.0258  0.0178  0.0156  0.0142  0.0159  0.0178  0.0124  0.0075  0.0066  0.0059  0.1659  0.1766  0.1890  0.2037  0.2610  0.3309  0.4168  0.5005  0.5960  0.7107  0.8442  1.0000
    52   biomsd   1.0988e+001 9.5084e-002  -0.0854  0.1077  0.1149  0.1233  0.1332  0.1863  0.2513  0.3315  0.4055  0.4892  0.5891  0.7031  0.8358  1.0000  0.8310  0.6867  0.5559  0.4625  0.3796  0.3034  0.2381  0.1830  0.1417  0.1215  0.1070  0.0899  0.0778  0.0635  0.0516  0.0356  0.0211  0.0203  0.0204  0.0277  0.0348  0.0226  0.0114  0.0100  0.0090  0.1077  0.1149  0.1233  0.1332  0.1863  0.2513  0.3315  0.4055  0.4892  0.5891  0.7031  0.8358  1.0000
    53   biomsd   1.0995e+001 9.6832e-002  -0.0150  0.1203  0.1280  0.1370  0.1476  0.1867  0.2344  0.2930  0.3507  0.4166  0.4959  0.5884  0.6966  0.8310  1.0000  0.8323  0.6812  0.5613  0.4539  0.3602  0.2791  0.2150  0.1672  0.1309  0.1017  0.0811  0.0652  0.0529  0.0426  0.0334  0.0255  0.0211  0.0177  0.0162  0.0152  0.0119  0.0089  0.0078  0.0070  0.1203  0.1280  0.1370  0.1476  0.1867  0.2344  0.2930  0.3507  0.4166  0.4959  0.5884  0.6966  0.8310  1.0000
    54   biomsd   1.1003e+001 9.5887e-002   0.0544  0.1363  0.1447  0.1544  0.1659  0.1923  0.2242  0.2630  0.3062  0.3563  0.4173  0.4913  0.5782  0.6867  0.8323  1.0000  0.8245  0.6751  0.5403  0.4266  0.3275  0.2528  0.1971  0.1439  0.0992  0.0746  0.0546  0.0439  0.0348  0.0321  0.0306  0.0225  0.0156  0.0054 -0.0037  0.0016  0.0066  0.0057  0.0052  0.1363  0.1447  0.1544  0.1659  0.1923  0.2242  0.2630  0.3062  0.3563  0.4173  0.4913  0.5782  0.6867  0.8323  1.0000
    55   biomsd   1.1010e+001 9.2164e-002   0.1290  0.1572  0.1665  0.1773  0.1902  0.2040  0.2203  0.2394  0.2686  0.3036  0.3473  0.4039  0.4712  0.5559  0.6812  0.8245  1.0000  0.8150  0.6473  0.5092  0.3883  0.3001  0.2346  0.1619  0.0996  0.0700  0.0451  0.0358  0.0278  0.0317  0.0369  0.0247  0.0139 -0.0059 -0.0238 -0.0092  0.0043  0.0038  0.0034  0.1572  0.1665  0.1773  0.1902  0.2040  0.2203  0.2394  0.2686  0.3036  0.3473  0.4039  0.4712  0.5559  0.6812  0.8245  1.0000
    56   biomsd   1.1033e+001 9.0667e-002   0.0463  0.0971  0.1030  0.1099  0.1181  0.1350  0.1554  0.1801  0.2085  0.2416  0.2821  0.3315  0.3897  0.4625  0.5613  0.6751  0.8150  1.0000  0.8029  0.6350  0.4890  0.3772  0.2939  0.2195  0.1579  0.1213  0.0922  0.0744  0.0593  0.0514  0.0454  0.0347  0.0259  0.0146  0.0049  0.0083  0.0117  0.0102  0.0092  0.0971  0.1030  0.1099  0.1181  0.1350  0.1554  0.1801  0.2085  0.2416  0.2821  0.3315  0.3897  0.4625  0.5613  0.6751  0.8150  1.0000
    57   biomsd   1.1056e+001 8.5939e-002  -0.0406  0.0363  0.0389  0.0418  0.0452  0.0661  0.0917  0.1233  0.1519  0.1843  0.2227  0.2663  0.3170  0.3796  0.4539  0.5403  0.6473  0.8029  1.0000  0.7938  0.6153  0.4740  0.3685  0.2896  0.2263  0.1809  0.1462  0.1187  0.0954  0.0743  0.0562  0.0468  0.0397  0.0372  0.0359  0.0275  0.0199  0.0175  0.0157  0.0363  0.0389  0.0418  0.0452  0.0661  0.0917  0.1233  0.1519  0.1843  0.2227  0.2663  0.3170  0.3796  0.4539  0.5403  0.6473  0.8029  1.0000
    58   biomsd   1.1073e+001 8.4339e-002  -0.0619  0.0128  0.0139  0.0152  0.0167  0.0360  0.0598  0.0893  0.1142  0.1420  0.1747  0.2107  0.2523  0.3034  0.3602  0.4266  0.5092  0.6350  0.7938  1.0000  0.7756  0.5974  0.4643  0.3665  0.2882  0.2311  0.1875  0.1523  0.1225  0.0947  0.0708  0.0593  0.0508  0.0490  0.0485  0.0365  0.0257  0.0225  0.0203  0.0128  0.0139  0.0152  0.0167  0.0360  0.0598  0.0893  0.1142  0.1420  0.1747  0.2107  0.2523  0.3034  0.3602  0.4266  0.5092  0.6350  0.7938  1.0000
    59   biomsd   1.1089e+001 7.7944e-002  -0.0892 -0.0123 -0.0127 -0.0131 -0.0136  0.0052  0.0284  0.0574  0.0797  0.1041  0.1325  0.1623  0.1964  0.2381  0.2791  0.3275  0.3883  0.4890  0.6153  0.7756  1.0000  0.7702  0.5986  0.4738  0.3742  0.3006  0.2446  0.1987  0.1600  0.1230  0.0912  0.0768  0.0662  0.0649  0.0653  0.0487  0.0336  0.0295  0.0265 -0.0123 -0.0127 -0.0131 -0.0136  0.0052  0.0284  0.0574  0.0797  0.1041  0.1325  0.1623  0.1964  0.2381  0.2791  0.3275  0.3883  0.4890  0.6153  0.7756  1.0000
    60   biomsd   1.1101e+001 8.2047e-002  -0.0623 -0.0060 -0.0061 -0.0062 -0.0063  0.0075  0.0247  0.0461  0.0628  0.0812  0.1026  0.1252  0.1512  0.1830  0.2150  0.2528  0.3001  0.3772  0.4740  0.5974  0.7702  1.0000  0.7776  0.6077  0.4708  0.3748  0.3011  0.2444  0.1964  0.1545  0.1188  0.0980  0.0820  0.0741  0.0687  0.0540  0.0408  0.0358  0.0322 -0.0060 -0.0061 -0.0062 -0.0063  0.0075  0.0247  0.0461  0.0628  0.0812  0.1026  0.1252  0.1512  0.1830  0.2150  0.2528  0.3001  0.3772  0.4740  0.5974  0.7702  1.0000
    61   biomsd   1.1112e+001 8.0939e-002  -0.0404 -0.0003 -0.0001  0.0001  0.0003  0.0103  0.0227  0.0381  0.0505  0.0642  0.0803  0.0975  0.1174  0.1417  0.1672  0.1971  0.2346  0.2939  0.3685  0.4643  0.5986  0.7776  1.0000  0.7757  0.5940  0.4705  0.3750  0.3041  0.2441  0.1946  0.1531  0.1247  0.1025  0.0877  0.0763  0.0626  0.0504  0.0441  0.0397 -0.0003 -0.0001  0.0001  0.0003  0.0103  0.0227  0.0381  0.0505  0.0642  0.0803  0.0975  0.1174  0.1417  0.1672  0.1971  0.2346  0.2939  0.3685  0.4643  0.5986  0.7776  1.0000
    62   biomsd   1.1137e+001 8.5086e-002  -0.1762 -0.0783 -0.0824 -0.0872 -0.0930 -0.0717 -0.0452 -0.0116  0.0086  0.0297  0.0529  0.0731  0.0953  0.1215  0.1309  0.1439  0.1619  0.2195  0.2896  0.3665  0.4738  0.6077  0.7757  1.0000  0.7878  0.6320  0.5134  0.4169  0.3356  0.2589  0.1929  0.1619  0.1390  0.1349  0.1343  0.1008  0.0705  0.0617  0.0556 -0.0783 -0.0824 -0.0872 -0.0930 -0.0717 -0.0452 -0.0116  0.0086  0.0297  0.0529  0.0731  0.0953  0.1215  0.1309  0.1439  0.1619  0.2195  0.2896  0.3665  0.4738  0.6077  0.7757  1.0000
    63   biomsd   1.1162e+001 8.5975e-002  -0.3107 -0.1548 -0.1630 -0.1727 -0.1843 -0.1517 -0.1108 -0.0588 -0.0305 -0.0017  0.0292  0.0529  0.0781  0.1070  0.1017  0.0992  0.0996  0.1579  0.2263  0.2882  0.3742  0.4708  0.5940  0.7878  1.0000  0.8079  0.6631  0.5390  0.4345  0.3293  0.2376  0.2031  0.1785  0.1845  0.1940  0.1407  0.0921  0.0807  0.0727 -0.1548 -0.1630 -0.1727 -0.1843 -0.1517 -0.1108 -0.0588 -0.0305 -0.0017  0.0292  0.0529  0.0781  0.1070  0.1017  0.0992  0.0996  0.1579  0.2263  0.2882  0.3742  0.4708  0.5940  0.7878  1.0000
    64   biomsd   1.1172e+001 9.0001e-002  -0.3099 -0.1570 -0.1654 -0.1752 -0.1870 -0.1553 -0.1155 -0.0647 -0.0376 -0.0102  0.0190  0.0408  0.0638  0.0899  0.0811  0.0746  0.0700  0.1213  0.1809  0.2311  0.3006  0.3748  0.4705  0.6320  0.8079  1.0000  0.8148  0.6619  0.5330  0.4091  0.3019  0.2548  0.2202  0.2178  0.2206  0.1638  0.1123  0.0983  0.0886 -0.1570 -0.1654 -0.1752 -0.1870 -0.1553 -0.1155 -0.0647 -0.0376 -0.0102  0.0190  0.0408  0.0638  0.0899  0.0811  0.0746  0.0700  0.1213  0.1809  0.2311  0.3006  0.3748  0.4705  0.6320  0.8079  1.0000
    65   biomsd   1.1183e+001 8.9658e-002  -0.3242 -0.1668 -0.1757 -0.1862 -0.1987 -0.1663 -0.1255 -0.0735 -0.0462 -0.0189  0.0101  0.0312  0.0531  0.0778  0.0652  0.0546  0.0451  0.0922  0.1462  0.1875  0.2446  0.3011  0.3750  0.5134  0.6631  0.8148  1.0000  0.8121  0.6535  0.5056  0.3783  0.3168  0.2709  0.2605  0.2569  0.1940  0.1371  0.1200  0.1081 -0.1668 -0.1757 -0.1862 -0.1987 -0.1663 -0.1255 -0.0735 -0.0462 -0.0189  0.0101  0.0312  0.0531  0.0778  0.0652  0.0546  0.0451  0.0922  0.1462  0.1875  0.2446  0.3011  0.3750  0.5134  0.6631  0.8148  1.0000
    66   biomsd   1.1185e+001 8.9553e-002  -0.2684 -0.1382 -0.1456 -0.1543 -0.1647 -0.1379 -0.1041 -0.0611 -0.0386 -0.0161  0.0079  0.0252  0.0432  0.0635  0.0529  0.0439  0.0358  0.0744  0.1187  0.1523  0.1987  0.2444  0.3041  0.4169  0.5390  0.6619  0.8121  1.0000  0.8038  0.6312  0.4843  0.3999  0.3354  0.3048  0.2843  0.2227  0.1672  0.1465  0.1319 -0.1382 -0.1456 -0.1543 -0.1647 -0.1379 -0.1041 -0.0611 -0.0386 -0.0161  0.0079  0.0252  0.0432  0.0635  0.0529  0.0439  0.0358  0.0744  0.1187  0.1523  0.1987  0.2444  0.3041  0.4169  0.5390  0.6619  0.8121  1.0000
    67   biomsd   1.1187e+001 8.5371e-002  -0.2225 -0.1147 -0.1209 -0.1281 -0.1367 -0.1146 -0.0867 -0.0511 -0.0325 -0.0139  0.0058  0.0201  0.0349  0.0516  0.0426  0.0348  0.0278  0.0593  0.0954  0.1225  0.1600  0.1964  0.2441  0.3356  0.4345  0.5330  0.6535  0.8038  1.0000  0.7933  0.6187  0.5062  0.4191  0.3660  0.3266  0.2634  0.2069  0.1812  0.1632 -0.1147 -0.1209 -0.1281 -0.1367 -0.1146 -0.0867 -0.0511 -0.0325 -0.0139  0.0058  0.0201  0.0349  0.0516  0.0426  0.0348  0.0278  0.0593  0.0954  0.1225  0.1600  0.1964  0.2441  0.3356  0.4345  0.5330  0.6535  0.8038  1.0000
    68   biomsd   1.1182e+001 8.7436e-002  -0.1082 -0.0542 -0.0571 -0.0604 -0.0645 -0.0532 -0.0391 -0.0211 -0.0113 -0.0015  0.0091  0.0172  0.0258  0.0356  0.0334  0.0321  0.0317  0.0514  0.0743  0.0947  0.1230  0.1545  0.1946  0.2589  0.3293  0.4091  0.5056  0.6312  0.7933  1.0000  0.7951  0.6436  0.5247  0.4357  0.3656  0.3073  0.2559  0.2241  0.2018 -0.0542 -0.0571 -0.0604 -0.0645 -0.0532 -0.0391 -0.0211 -0.0113 -0.0015  0.0091  0.0172  0.0258  0.0356  0.0334  0.0321  0.0317  0.0514  0.0743  0.0947  0.1230  0.1545  0.1946  0.2589  0.3293  0.4091  0.5056  0.6312  0.7933  1.0000
    69   biomsd   1.1176e+001 8.6225e-002   0.0008  0.0037  0.0040  0.0042  0.0045  0.0054  0.0065  0.0078  0.0092  0.0108  0.0127  0.0151  0.0178  0.0211  0.0255  0.0306  0.0369  0.0454  0.0562  0.0708  0.0912  0.1188  0.1531  0.1929  0.2376  0.3019  0.3783  0.4843  0.6187  0.7951  1.0000  0.8042  0.6493  0.5212  0.4182  0.3625  0.3141  0.2751  0.2478  0.0037  0.0040  0.0042  0.0045  0.0054  0.0065  0.0078  0.0092  0.0108  0.0127  0.0151  0.0178  0.0211  0.0255  0.0306  0.0369  0.0454  0.0562  0.0708  0.0912  0.1188  0.1531  0.1929  0.2376  0.3019  0.3783  0.4843  0.6187  0.7951  1.0000
    70   biomsd   1.1184e+001 8.9451e-002  -0.0381 -0.0178 -0.0188 -0.0199 -0.0212 -0.0169 -0.0115 -0.0046 -0.0007  0.0034  0.0079  0.0116  0.0156  0.0203  0.0211  0.0225  0.0247  0.0347  0.0468  0.0593  0.0768  0.0980  0.1247  0.1619  0.2031  0.2548  0.3168  0.3999  0.5062  0.6436  0.8042  1.0000  0.8092  0.6548  0.5311  0.4570  0.3922  0.3435  0.3094 -0.0178 -0.0188 -0.0199 -0.0212 -0.0169 -0.0115 -0.0046 -0.0007  0.0034  0.0079  0.0116  0.0156  0.0203  0.0211  0.0225  0.0247  0.0347  0.0468  0.0593  0.0768  0.0980  0.1247  0.1619  0.2031  0.2548  0.3168  0.3999  0.5062  0.6436  0.8042  1.0000
    71   biomsd   1.1192e+001 8.8784e-002  -0.0775 -0.0396 -0.0417 -0.0442 -0.0472 -0.0393 -0.0295 -0.0169 -0.0103 -0.0036  0.0035  0.0087  0.0142  0.0204  0.0177  0.0156  0.0139  0.0259  0.0397  0.0508  0.0662  0.0820  0.1025  0.1390  0.1785  0.2202  0.2709  0.3354  0.4191  0.5247  0.6493  0.8092  1.0000  0.8132  0.6641  0.5687  0.4852  0.4250  0.3828 -0.0396 -0.0417 -0.0442 -0.0472 -0.0393 -0.0295 -0.0169 -0.0103 -0.0036  0.0035  0.0087  0.0142  0.0204  0.0177  0.0156  0.0139  0.0259  0.0397  0.0508  0.0662  0.0820  0.1025  0.1390  0.1785  0.2202  0.2709  0.3354  0.4191  0.5247  0.6493  0.8092  1.0000
    72   biomsd   1.1208e+001 9.4998e-002  -0.1945 -0.1030 -0.1085 -0.1150 -0.1228 -0.1042 -0.0808 -0.0509 -0.0358 -0.0209 -0.0053  0.0052  0.0159  0.0277  0.0162  0.0054 -0.0059  0.0146  0.0372  0.0490  0.0649  0.0741  0.0877  0.1349  0.1845  0.2178  0.2605  0.3048  0.3660  0.4357  0.5212  0.6548  0.8132  1.0000  0.8313  0.7033  0.5906  0.5173  0.4659 -0.1030 -0.1085 -0.1150 -0.1228 -0.1042 -0.0808 -0.0509 -0.0358 -0.0209 -0.0053  0.0052  0.0159  0.0277  0.0162  0.0054 -0.0059  0.0146  0.0372  0.0490  0.0649  0.0741  0.0877  0.1349  0.1845  0.2178  0.2605  0.3048  0.3660  0.4357  0.5212  0.6548  0.8132  1.0000
    73   biomsd   1.1223e+001 9.8975e-002  -0.3039 -0.1622 -0.1709 -0.1812 -0.1935 -0.1648 -0.1287 -0.0825 -0.0596 -0.0369 -0.0133  0.0022  0.0178  0.0348  0.0152 -0.0037 -0.0238  0.0049  0.0359  0.0485  0.0653  0.0687  0.0763  0.1343  0.1940  0.2206  0.2569  0.2843  0.3266  0.3656  0.4182  0.5311  0.6641  0.8313  1.0000  0.8399  0.6984  0.6117  0.5510 -0.1622 -0.1709 -0.1812 -0.1935 -0.1648 -0.1287 -0.0825 -0.0596 -0.0369 -0.0133  0.0022  0.0178  0.0348  0.0152 -0.0037 -0.0238  0.0049  0.0359  0.0485  0.0653  0.0687  0.0763  0.1343  0.1940  0.2206  0.2569  0.2843  0.3266  0.3656  0.4182  0.5311  0.6641  0.8313  1.0000
    74   biomsd   1.1211e+001 1.0277e-001  -0.1750 -0.0930 -0.0980 -0.1039 -0.1109 -0.0943 -0.0734 -0.0466 -0.0332 -0.0200 -0.0061  0.0031  0.0124  0.0226  0.0119  0.0016 -0.0092  0.0083  0.0275  0.0365  0.0487  0.0540  0.0626  0.1008  0.1407  0.1638  0.1940  0.2227  0.2634  0.3073  0.3625  0.4570  0.5687  0.7033  0.8399  1.0000  0.8494  0.7440  0.6701 -0.0930 -0.0980 -0.1039 -0.1109 -0.0943 -0.0734 -0.0466 -0.0332 -0.0200 -0.0061  0.0031  0.0124  0.0226  0.0119  0.0016 -0.0092  0.0083  0.0275  0.0365  0.0487  0.0540  0.0626  0.1008  0.1407  0.1638  0.1940  0.2227  0.2634  0.3073  0.3625  0.4570  0.5687  0.7033  0.8399  1.0000
    75   biomsd   1.1200e+001 1.0547e-001  -0.0559 -0.0291 -0.0306 -0.0325 -0.0346 -0.0291 -0.0222 -0.0134 -0.0088 -0.0043  0.0006  0.0040  0.0075  0.0114  0.0089  0.0066  0.0043  0.0117  0.0199  0.0257  0.0336  0.0408  0.0504  0.0705  0.0921  0.1123  0.1371  0.1672  0.2069  0.2559  0.3141  0.3922  0.4852  0.5906  0.6984  0.8494  1.0000  0.8759  0.7889 -0.0291 -0.0306 -0.0325 -0.0346 -0.0291 -0.0222 -0.0134 -0.0088 -0.0043  0.0006  0.0040  0.0075  0.0114  0.0089  0.0066  0.0043  0.0117  0.0199  0.0257  0.0336  0.0408  0.0504  0.0705  0.0921  0.1123  0.1371  0.1672  0.2069  0.2559  0.3141  0.3922  0.4852  0.5906  0.6984  0.8494  1.0000
    76   biomsd   1.1200e+001 1.2040e-001  -0.0490 -0.0255 -0.0268 -0.0284 -0.0303 -0.0255 -0.0195 -0.0117 -0.0077 -0.0037  0.0005  0.0035  0.0066  0.0100  0.0078  0.0057  0.0038  0.0102  0.0175  0.0225  0.0295  0.0358  0.0441  0.0617  0.0807  0.0983  0.1200  0.1465  0.1812  0.2241  0.2751  0.3435  0.4250  0.5173  0.6117  0.7440  0.8759  1.0000  0.9007 -0.0255 -0.0268 -0.0284 -0.0303 -0.0255 -0.0195 -0.0117 -0.0077 -0.0037  0.0005  0.0035  0.0066  0.0100  0.0078  0.0057  0.0038  0.0102  0.0175  0.0225  0.0295  0.0358  0.0441  0.0617  0.0807  0.0983  0.1200  0.1465  0.1812  0.2241  0.2751  0.3435  0.4250  0.5173  0.6117  0.7440  0.8759  1.0000
    77   biomsd   1.1200e+001 1.3368e-001  -0.0441 -0.0229 -0.0242 -0.0256 -0.0273 -0.0230 -0.0175 -0.0106 -0.0070 -0.0034  0.0004  0.0031  0.0059  0.0090  0.0070  0.0052  0.0034  0.0092  0.0157  0.0203  0.0265  0.0322  0.0397  0.0556  0.0727  0.0886  0.1081  0.1319  0.1632  0.2018  0.2478  0.3094  0.3828  0.4659  0.5510  0.6701  0.7889  0.9007  1.0000 -0.0229 -0.0242 -0.0256 -0.0273 -0.0230 -0.0175 -0.0106 -0.0070 -0.0034  0.0004  0.0031  0.0059  0.0090  0.0070  0.0052  0.0034  0.0092  0.0157  0.0203  0.0265  0.0322  0.0397  0.0556  0.0727  0.0886  0.1081  0.1319  0.1632  0.2018  0.2478  0.3094  0.3828  0.4659  0.5510  0.6701  0.7889  0.9007  1.0000
    78   biomA    4.6899e+004 8.1054e+003   0.5382  1.0000  0.9431  0.8851  0.8256  0.7557  0.6661  0.5495  0.4594  0.3744  0.2905  0.2254  0.1659  0.1077  0.1203  0.1363  0.1572  0.0971  0.0363  0.0128 -0.0123 -0.0060 -0.0003 -0.0783 -0.1548 -0.1570 -0.1668 -0.1382 -0.1147 -0.0542  0.0037 -0.0178 -0.0396 -0.1030 -0.1622 -0.0930 -0.0291 -0.0255 -0.0229  1.0000  0.9431  0.8851  0.8256  0.7557  0.6661  0.5495  0.4594  0.3744  0.2905  0.2254  0.1659  0.1077  0.1203  0.1363  0.1572  0.0971  0.0363  0.0128 -0.0123 -0.0060 -0.0003 -0.0783 -0.1548 -0.1570 -0.1668 -0.1382 -0.1147 -0.0542  0.0037 -0.0178 -0.0396 -0.1030 -0.1622 -0.0930 -0.0291 -0.0255 -0.0229  1.0000
    79   biomA    4.6938e+004 7.7939e+003   0.5673  0.9431  1.0000  0.9382  0.8747  0.8008  0.7061  0.5829  0.4875  0.3974  0.3086  0.2396  0.1766  0.1149  0.1280  0.1447  0.1665  0.1030  0.0389  0.0139 -0.0127 -0.0061 -0.0001 -0.0824 -0.1630 -0.1654 -0.1757 -0.1456 -0.1209 -0.0571  0.0040 -0.0188 -0.0417 -0.1085 -0.1709 -0.0980 -0.0306 -0.0268 -0.0242  0.9431  1.0000  0.9382  0.8747  0.8008  0.7061  0.5829  0.4875  0.3974  0.3086  0.2396  0.1766  0.1149  0.1280  0.1447  0.1665  0.1030  0.0389  0.0139 -0.0127 -0.0061 -0.0001 -0.0824 -0.1630 -0.1654 -0.1757 -0.1456 -0.1209 -0.0571  0.0040 -0.0188 -0.0417 -0.1085 -0.1709 -0.0980 -0.0306 -0.0268 -0.0242  0.9431  1.0000
    80   biomA    4.6978e+004 7.4500e+003   0.6014  0.8851  0.9382  1.0000  0.9320  0.8534  0.7528  0.6218  0.5201  0.4242  0.3297  0.2561  0.1890  0.1233  0.1370  0.1544  0.1773  0.1099  0.0418  0.0152 -0.0131 -0.0062  0.0001 -0.0872 -0.1727 -0.1752 -0.1862 -0.1543 -0.1281 -0.0604  0.0042 -0.0199 -0.0442 -0.1150 -0.1812 -0.1039 -0.0325 -0.0284 -0.0256  0.8851  0.9382  1.0000  0.9320  0.8534  0.7528  0.6218  0.5201  0.4242  0.3297  0.2561  0.1890  0.1233  0.1370  0.1544  0.1773  0.1099  0.0418  0.0152 -0.0131 -0.0062  0.0001 -0.0872 -0.1727 -0.1752 -0.1862 -0.1543 -0.1281 -0.0604  0.0042 -0.0199 -0.0442 -0.1150 -0.1812 -0.1039 -0.0325 -0.0284 -0.0256  0.8851  0.9382  1.0000
    81   biomA    4.7018e+004 7.0689e+003   0.6422  0.8256  0.8747  0.9320  1.0000  0.9159  0.8082  0.6679  0.5589  0.4560  0.3546  0.2757  0.2037  0.1332  0.1476  0.1659  0.1902  0.1181  0.0452  0.0167 -0.0136 -0.0063  0.0003 -0.0930 -0.1843 -0.1870 -0.1987 -0.1647 -0.1367 -0.0645  0.0045 -0.0212 -0.0472 -0.1228 -0.1935 -0.1109 -0.0346 -0.0303 -0.0273  0.8256  0.8747  0.9320  1.0000  0.9159  0.8082  0.6679  0.5589  0.4560  0.3546  0.2757  0.2037  0.1332  0.1476  0.1659  0.1902  0.1181  0.0452  0.0167 -0.0136 -0.0063  0.0003 -0.0930 -0.1843 -0.1870 -0.1987 -0.1647 -0.1367 -0.0645  0.0045 -0.0212 -0.0472 -0.1228 -0.1935 -0.1109 -0.0346 -0.0303 -0.0273  0.8256  0.8747  0.9320  1.0000
    82   biomA    4.8643e+004 6.5989e+003   0.5492  0.7557  0.8008  0.8534  0.9159  1.0000  0.8955  0.7586  0.6415  0.5318  0.4246  0.3385  0.2610  0.1863  0.1867  0.1923  0.2040  0.1350  0.0661  0.0360  0.0052  0.0075  0.0103 -0.0717 -0.1517 -0.1553 -0.1663 -0.1379 -0.1146 -0.0532  0.0054 -0.0169 -0.0393 -0.1042 -0.1648 -0.0943 -0.0291 -0.0255 -0.0230  0.7557  0.8008  0.8534  0.9159  1.0000  0.8955  0.7586  0.6415  0.5318  0.4246  0.3385  0.2610  0.1863  0.1867  0.1923  0.2040  0.1350  0.0661  0.0360  0.0052  0.0075  0.0103 -0.0717 -0.1517 -0.1553 -0.1663 -0.1379 -0.1146 -0.0532  0.0054 -0.0169 -0.0393 -0.1042 -0.1648 -0.0943 -0.0291 -0.0255 -0.0230  0.7557  0.8008  0.8534  0.9159  1.0000
    83   biomA    5.0323e+004 6.1115e+003   0.4320  0.6661  0.7061  0.7528  0.8082  0.8955  1.0000  0.8679  0.7413  0.6236  0.5095  0.4150  0.3309  0.2513  0.2344  0.2242  0.2203  0.1554  0.0917  0.0598  0.0284  0.0247  0.0227 -0.0452 -0.1108 -0.1155 -0.1255 -0.1041 -0.0867 -0.0391  0.0065 -0.0115 -0.0295 -0.0808 -0.1287 -0.0734 -0.0222 -0.0195 -0.0175  0.6661  0.7061  0.7528  0.8082  0.8955  1.0000  0.8679  0.7413  0.6236  0.5095  0.4150  0.3309  0.2513  0.2344  0.2242  0.2203  0.1554  0.0917  0.0598  0.0284  0.0247  0.0227 -0.0452 -0.1108 -0.1155 -0.1255 -0.1041 -0.0867 -0.0391  0.0065 -0.0115 -0.0295 -0.0808 -0.1287 -0.0734 -0.0222 -0.0195 -0.0175  0.6661  0.7061  0.7528  0.8082  0.8955  1.0000
    84   biomA    5.2062e+004 5.6166e+003   0.2820  0.5495  0.5829  0.6218  0.6679  0.7586  0.8679  1.0000  0.8623  0.7352  0.6133  0.5086  0.4168  0.3315  0.2930  0.2630  0.2394  0.1801  0.1233  0.0893  0.0574  0.0461  0.0381 -0.0116 -0.0588 -0.0647 -0.0735 -0.0611 -0.0511 -0.0211  0.0078 -0.0046 -0.0169 -0.0509 -0.0825 -0.0466 -0.0134 -0.0117 -0.0106  0.5495  0.5829  0.6218  0.6679  0.7586  0.8679  1.0000  0.8623  0.7352  0.6133  0.5086  0.4168  0.3315  0.2930  0.2630  0.2394  0.1801  0.1233  0.0893  0.0574  0.0461  0.0381 -0.0116 -0.0588 -0.0647 -0.0735 -0.0611 -0.0511 -0.0211  0.0078 -0.0046 -0.0169 -0.0509 -0.0825 -0.0466 -0.0134 -0.0117 -0.0106  0.5495  0.5829  0.6218  0.6679  0.7586  0.8679  1.0000
    85   biomA    5.3259e+004 5.6989e+003   0.2085  0.4594  0.4875  0.5201  0.5589  0.6415  0.7413  0.8623  1.0000  0.8578  0.7223  0.6037  0.5005  0.4055  0.3507  0.3062  0.2686  0.2085  0.1519  0.1142  0.0797  0.0628  0.0505  0.0086 -0.0305 -0.0376 -0.0462 -0.0386 -0.0325 -0.0113  0.0092 -0.0007 -0.0103 -0.0358 -0.0596 -0.0332 -0.0088 -0.0077 -0.0070  0.4594  0.4875  0.5201  0.5589  0.6415  0.7413  0.8623  1.0000  0.8578  0.7223  0.6037  0.5005  0.4055  0.3507  0.3062  0.2686  0.2085  0.1519  0.1142  0.0797  0.0628  0.0505  0.0086 -0.0305 -0.0376 -0.0462 -0.0386 -0.0325 -0.0113  0.0092 -0.0007 -0.0103 -0.0358 -0.0596 -0.0332 -0.0088 -0.0077 -0.0070  0.4594  0.4875  0.5201  0.5589  0.6415  0.7413  0.8623  1.0000
    86   biomA    5.4483e+004 5.6811e+003   0.1363  0.3744  0.3974  0.4242  0.4560  0.5318  0.6236  0.7352  0.8578  1.0000  0.8479  0.7129  0.5960  0.4892  0.4166  0.3563  0.3036  0.2416  0.1843  0.1420  0.1041  0.0812  0.0642  0.0297 -0.0017 -0.0102 -0.0189 -0.0161 -0.0139 -0.0015  0.0108  0.0034 -0.0036 -0.0209 -0.0369 -0.0200 -0.0043 -0.0037 -0.0034  0.3744  0.3974  0.4242  0.4560  0.5318  0.6236  0.7352  0.8578  1.0000  0.8479  0.7129  0.5960  0.4892  0.4166  0.3563  0.3036  0.2416  0.1843  0.1420  0.1041  0.0812  0.0642  0.0297 -0.0017 -0.0102 -0.0189 -0.0161 -0.0139 -0.0015  0.0108  0.0034 -0.0036 -0.0209 -0.0369 -0.0200 -0.0043 -0.0037 -0.0034  0.3744  0.3974  0.4242  0.4560  0.5318  0.6236  0.7352  0.8578  1.0000
    87   biomA    5.5736e+004 5.5476e+003   0.0613  0.2905  0.3086  0.3297  0.3546  0.4246  0.5095  0.6133  0.7223  0.8479  1.0000  0.8446  0.7107  0.5891  0.4959  0.4173  0.3473  0.2821  0.2227  0.1747  0.1325  0.1026  0.0803  0.0529  0.0292  0.0190  0.0101  0.0079  0.0058  0.0091  0.0127  0.0079  0.0035 -0.0053 -0.0133 -0.0061  0.0006  0.0005  0.0004  0.2905  0.3086  0.3297  0.3546  0.4246  0.5095  0.6133  0.7223  0.8479  1.0000  0.8446  0.7107  0.5891  0.4959  0.4173  0.3473  0.2821  0.2227  0.1747  0.1325  0.1026  0.0803  0.0529  0.0292  0.0190  0.0101  0.0079  0.0058  0.0091  0.0127  0.0079  0.0035 -0.0053 -0.0133 -0.0061  0.0006  0.0005  0.0004  0.2905  0.3086  0.3297  0.3546  0.4246  0.5095  0.6133  0.7223  0.8479  1.0000
    88   biomA    5.6852e+004 5.7235e+003   0.0135  0.2254  0.2396  0.2561  0.2757  0.3385  0.4150  0.5086  0.6037  0.7129  0.8446  1.0000  0.8442  0.7031  0.5884  0.4913  0.4039  0.3315  0.2663  0.2107  0.1623  0.1252  0.0975  0.0731  0.0529  0.0408  0.0312  0.0252  0.0201  0.0172  0.0151  0.0116  0.0087  0.0052  0.0022  0.0031  0.0040  0.0035  0.0031  0.2254  0.2396  0.2561  0.2757  0.3385  0.4150  0.5086  0.6037  0.7129  0.8446  1.0000  0.8442  0.7031  0.5884  0.4913  0.4039  0.3315  0.2663  0.2107  0.1623  0.1252  0.0975  0.0731  0.0529  0.0408  0.0312  0.0252  0.0201  0.0172  0.0151  0.0116  0.0087  0.0052  0.0022  0.0031  0.0040  0.0035  0.0031  0.2254  0.2396  0.2561  0.2757  0.3385  0.4150  0.5086  0.6037  0.7129  0.8446  1.0000
    89   biomA    5.7990e+004 5.7543e+003  -0.0341  0.1659  0.1766  0.1890  0.2037  0.2610  0.3309  0.4168  0.5005  0.5960  0.7107  0.8442  1.0000  0.8358  0.6966  0.5782  0.4712  0.3897  0.3170  0.2523  0.1964  0.1512  0.1174  0.0953  0.0781  0.0638  0.0531  0.0432  0.0349  0.0258  0.0178  0.0156  0.0142  0.0159  0.0178  0.0124  0.0075  0.0066  0.0059  0.1659  0.1766  0.1890  0.2037  0.2610  0.3309  0.4168  0.5005  0.5960  0.7107  0.8442  1.0000  0.8358  0.6966  0.5782  0.4712  0.3897  0.3170  0.2523  0.1964  0.1512  0.1174  0.0953  0.0781  0.0638  0.0531  0.0432  0.0349  0.0258  0.0178  0.0156  0.0142  0.0159  0.0178  0.0124  0.0075  0.0066  0.0059  0.1659  0.1766  0.1890  0.2037  0.2610  0.3309  0.4168  0.5005  0.5960  0.7107  0.8442  1.0000
    90   biomA    5.9151e+004 5.6243e+003  -0.0854  0.1077  0.1149  0.1233  0.1332  0.1863  0.2513  0.3315  0.4055  0.4892  0.5891  0.7031  0.8358  1.0000  0.8310  0.6867  0.5559  0.4625  0.3796  0.3034  0.2381  0.1830  0.1417  0.1215  0.1070  0.0899  0.0778  0.0635  0.0516  0.0356  0.0211  0.0203  0.0204  0.0277  0.0348  0.0226  0.0114  0.0100  0.0090  0.1077  0.1149  0.1233  0.1332  0.1863  0.2513  0.3315  0.4055  0.4892  0.5891  0.7031  0.8358  1.0000  0.8310  0.6867  0.5559  0.4625  0.3796  0.3034  0.2381  0.1830  0.1417  0.1215  0.1070  0.0899  0.0778  0.0635  0.0516  0.0356  0.0211  0.0203  0.0204  0.0277  0.0348  0.0226  0.0114  0.0100  0.0090  0.1077  0.1149  0.1233  0.1332  0.1863  0.2513  0.3315  0.4055  0.4892  0.5891  0.7031  0.8358  1.0000
    91   biomA    5.9593e+004 5.7705e+003  -0.0150  0.1203  0.1280  0.1370  0.1476  0.1867  0.2344  0.2930  0.3507  0.4166  0.4959  0.5884  0.6966  0.8310  1.0000  0.8323  0.6812  0.5613  0.4539  0.3602  0.2791  0.2150  0.1672  0.1309  0.1017  0.0811  0.0652  0.0529  0.0426  0.0334  0.0255  0.0211  0.0177  0.0162  0.0152  0.0119  0.0089  0.0078  0.0070  0.1203  0.1280  0.1370  0.1476  0.1867  0.2344  0.2930  0.3507  0.4166  0.4959  0.5884  0.6966  0.8310  1.0000  0.8323  0.6812  0.5613  0.4539  0.3602  0.2791  0.2150  0.1672  0.1309  0.1017  0.0811  0.0652  0.0529  0.0426  0.0334  0.0255  0.0211  0.0177  0.0162  0.0152  0.0119  0.0089  0.0078  0.0070  0.1203  0.1280  0.1370  0.1476  0.1867  0.2344  0.2930  0.3507  0.4166  0.4959  0.5884  0.6966  0.8310  1.0000
    92   biomA    6.0038e+004 5.7568e+003   0.0544  0.1363  0.1447  0.1544  0.1659  0.1923  0.2242  0.2630  0.3062  0.3563  0.4173  0.4913  0.5782  0.6867  0.8323  1.0000  0.8245  0.6751  0.5403  0.4266  0.3275  0.2528  0.1971  0.1439  0.0992  0.0746  0.0546  0.0439  0.0348  0.0321  0.0306  0.0225  0.0156  0.0054 -0.0037  0.0016  0.0066  0.0057  0.0052  0.1363  0.1447  0.1544  0.1659  0.1923  0.2242  0.2630  0.3062  0.3563  0.4173  0.4913  0.5782  0.6867  0.8323  1.0000  0.8245  0.6751  0.5403  0.4266  0.3275  0.2528  0.1971  0.1439  0.0992  0.0746  0.0546  0.0439  0.0348  0.0321  0.0306  0.0225  0.0156  0.0054 -0.0037  0.0016  0.0066  0.0057  0.0052  0.1363  0.1447  0.1544  0.1659  0.1923  0.2242  0.2630  0.3062  0.3563  0.4173  0.4913  0.5782  0.6867  0.8323  1.0000
    93   biomA    6.0486e+004 5.5746e+003   0.1290  0.1572  0.1665  0.1773  0.1902  0.2040  0.2203  0.2394  0.2686  0.3036  0.3473  0.4039  0.4712  0.5559  0.6812  0.8245  1.0000  0.8150  0.6473  0.5092  0.3883  0.3001  0.2346  0.1619  0.0996  0.0700  0.0451  0.0358  0.0278  0.0317  0.0369  0.0247  0.0139 -0.0059 -0.0238 -0.0092  0.0043  0.0038  0.0034  0.1572  0.1665  0.1773  0.1902  0.2040  0.2203  0.2394  0.2686  0.3036  0.3473  0.4039  0.4712  0.5559  0.6812  0.8245  1.0000  0.8150  0.6473  0.5092  0.3883  0.3001  0.2346  0.1619  0.0996  0.0700  0.0451  0.0358  0.0278  0.0317  0.0369  0.0247  0.0139 -0.0059 -0.0238 -0.0092  0.0043  0.0038  0.0034  0.1572  0.1665  0.1773  0.1902  0.2040  0.2203  0.2394  0.2686  0.3036  0.3473  0.4039  0.4712  0.5559  0.6812  0.8245  1.0000
