 The logarithm of the determinant of the hessian = 1.24118
 index   name       value      std dev       1       2       3       4       5       6       7       8       9      10      11      12      13      14      15      16      17      18      19      20      21      22      23      24      25      26      27      28      29      30      31      32      33      34      35      36      37      38      39      40      41      42      43      44      45      46      47      48      49      50      51      52      53      54      55      56      57      58      59      60      61      62      63      64      65      66      67      68      69      70      71      72      73      74      75      76      77   
     1   logSdLam -2.7410e+000 5.3763e-001   1.0000
     2   biom     1.0736e+001 1.8226e-001   0.5334  1.0000
     3   biom     1.0737e+001 1.7502e-001   0.5671  0.9370  1.0000
     4   biom     1.0737e+001 1.6693e-001   0.6067  0.8731  0.9315  1.0000
     5   biom     1.0738e+001 1.5786e-001   0.6544  0.8076  0.8613  0.9244  1.0000
     6   biom     1.0777e+001 1.4081e-001   0.5444  0.7295  0.7782  0.8353  0.9038  1.0000
     7   biom     1.0816e+001 1.2470e-001   0.4011  0.6253  0.6672  0.7164  0.7754  0.8774  1.0000
     8   biom     1.0855e+001 1.0993e-001   0.2126  0.4840  0.5168  0.5552  0.6013  0.7096  0.8414  1.0000
     9   biom     1.0879e+001 1.1062e-001   0.1355  0.3875  0.4139  0.4448  0.4818  0.5789  0.6975  0.8409  1.0000
    10   biom     1.0903e+001 1.0868e-001   0.0608  0.2993  0.3198  0.3438  0.3726  0.4607  0.5688  0.7004  0.8392  1.0000
    11   biom     1.0928e+001 1.0395e-001  -0.0170  0.2134  0.2282  0.2456  0.2663  0.3473  0.4471  0.5696  0.6906  0.8297  1.0000
    12   biom     1.0948e+001 1.0630e-001  -0.0603  0.1520  0.1627  0.1752  0.1902  0.2623  0.3516  0.4616  0.5653  0.6839  0.8285  1.0000
    13   biom     1.0969e+001 1.0521e-001  -0.1050  0.0963  0.1033  0.1115  0.1212  0.1869  0.2686  0.3700  0.4601  0.5623  0.6861  0.8303  1.0000
    14   biom     1.0990e+001 1.0057e-001  -0.1560  0.0408  0.0441  0.0480  0.0526  0.1138  0.1905  0.2863  0.3650  0.4535  0.5598  0.6803  0.8216  1.0000
    15   biom     1.0996e+001 1.0263e-001  -0.0601  0.0702  0.0753  0.0812  0.0882  0.1312  0.1846  0.2508  0.3104  0.3783  0.4607  0.5571  0.6706  0.8143  1.0000
    16   biom     1.1001e+001 1.0153e-001   0.0330  0.1016  0.1085  0.1166  0.1263  0.1525  0.1846  0.2233  0.2660  0.3155  0.3767  0.4523  0.5418  0.6555  0.8159  1.0000
    17   biom     1.1007e+001 9.7178e-002   0.1324  0.1381  0.1472  0.1579  0.1707  0.1801  0.1907  0.2018  0.2279  0.2598  0.3007  0.3568  0.4239  0.5098  0.6487  0.8064  1.0000
    18   biom     1.1031e+001 9.5849e-002   0.0360  0.0736  0.0786  0.0844  0.0914  0.1067  0.1254  0.1477  0.1742  0.2052  0.2436  0.2919  0.3492  0.4221  0.5273  0.6479  0.7969  1.0000
    19   biom     1.1056e+001 9.0456e-002  -0.0659  0.0076  0.0084  0.0092  0.0102  0.0327  0.0608  0.0962  0.1243  0.1557  0.1933  0.2354  0.2846  0.3468  0.4205  0.5066  0.6145  0.7834  1.0000
    20   biom     1.1073e+001 8.8942e-002  -0.0855 -0.0126 -0.0132 -0.0139 -0.0148  0.0064  0.0331  0.0669  0.0912  0.1181  0.1498  0.1838  0.2234  0.2732  0.3268  0.3900  0.4699  0.6036  0.7744  1.0000
    21   biom     1.1089e+001 8.1155e-002  -0.1140 -0.0361 -0.0382 -0.0408 -0.0438 -0.0225  0.0047  0.0394  0.0615  0.0853  0.1130  0.1406  0.1724  0.2122  0.2475  0.2902  0.3450  0.4499  0.5828  0.7526  1.0000
    22   biom     1.1100e+001 8.6420e-002  -0.0764 -0.0223 -0.0236 -0.0251 -0.0270 -0.0120  0.0070  0.0313  0.0471  0.0643  0.0843  0.1045  0.1279  0.1572  0.1844  0.2171  0.2589  0.3365  0.4349  0.5616  0.7462  1.0000
    23   biom     1.1110e+001 8.4900e-002  -0.0466 -0.0109 -0.0115 -0.0122 -0.0130 -0.0030  0.0098  0.0261  0.0372  0.0493  0.0636  0.0784  0.0956  0.1172  0.1389  0.1646  0.1974  0.2550  0.3282  0.4239  0.5632  0.7557  1.0000
    24   biom     1.1137e+001 9.0488e-002  -0.2128 -0.1031 -0.1096 -0.1172 -0.1263 -0.0992 -0.0642 -0.0185  0.0035  0.0259  0.0503  0.0690  0.0898  0.1149  0.1140  0.1166  0.1232  0.1832  0.2559  0.3305  0.4393  0.5757  0.7521  1.0000
    25   biom     1.1163e+001 9.2362e-002  -0.3742 -0.1921 -0.2042 -0.2184 -0.2355 -0.1917 -0.1348 -0.0602 -0.0273  0.0053  0.0402  0.0632  0.0881  0.1175  0.0957  0.0771  0.0600  0.1246  0.1997  0.2580  0.3430  0.4334  0.5545  0.7705  1.0000
    26   biom     1.1173e+001 9.7675e-002  -0.3781 -0.1960 -0.2083 -0.2228 -0.2403 -0.1966 -0.1399 -0.0656 -0.0333 -0.0015  0.0323  0.0539  0.0771  0.1043  0.0788  0.0560  0.0338  0.0921  0.1589  0.2054  0.2730  0.3388  0.4288  0.6094  0.7999  1.0000
    27   biom     1.1182e+001 9.7517e-002  -0.4030 -0.2106 -0.2238 -0.2395 -0.2583 -0.2124 -0.1527 -0.0743 -0.0409 -0.0080  0.0267  0.0482  0.0710  0.0976  0.0672  0.0392  0.0109  0.0665  0.1292  0.1670  0.2221  0.2682  0.3338  0.4910  0.6552  0.8090  1.0000
    28   biom     1.1181e+001 9.7090e-002  -0.3502 -0.1833 -0.1949 -0.2085 -0.2248 -0.1851 -0.1333 -0.0654 -0.0365 -0.0082  0.0217  0.0401  0.0595  0.0822  0.0552  0.0301  0.0047  0.0517  0.1046  0.1352  0.1798  0.2154  0.2665  0.3964  0.5317  0.6540  0.8064  1.0000
    29   biom     1.1179e+001 9.1414e-002  -0.3140 -0.1648 -0.1752 -0.1874 -0.2021 -0.1666 -0.1204 -0.0597 -0.0340 -0.0089  0.0176  0.0337  0.0507  0.0705  0.0455  0.0222 -0.0017  0.0389  0.0844  0.1091  0.1451  0.1713  0.2101  0.3183  0.4305  0.5261  0.6462  0.7953  1.0000
    30   biom     1.1168e+001 9.2748e-002  -0.1874 -0.0978 -0.1040 -0.1112 -0.1199 -0.0986 -0.0707 -0.0342 -0.0186 -0.0032  0.0130  0.0231  0.0339  0.0464  0.0325  0.0198  0.0070  0.0333  0.0632  0.0816  0.1086  0.1318  0.1646  0.2404  0.3198  0.3958  0.4901  0.6123  0.7779  1.0000
    31   biom     1.1156e+001 8.9811e-002  -0.0675 -0.0343 -0.0364 -0.0390 -0.0420 -0.0340 -0.0236 -0.0099 -0.0038  0.0023  0.0089  0.0134  0.0183  0.0241  0.0208  0.0183  0.0162  0.0292  0.0446  0.0576  0.0765  0.0979  0.1262  0.1727  0.2223  0.2821  0.3545  0.4552  0.5888  0.7743  1.0000
    32   biom     1.1159e+001 9.3362e-002  -0.1113 -0.0580 -0.0617 -0.0660 -0.0712 -0.0584 -0.0419 -0.0202 -0.0109 -0.0018  0.0079  0.0140  0.0204  0.0279  0.0197  0.0123  0.0048  0.0206  0.0385  0.0498  0.0662  0.0806  0.1009  0.1468  0.1949  0.2416  0.2993  0.3746  0.4763  0.6132  0.7816  1.0000
    33   biom     1.1161e+001 9.1651e-002  -0.1606 -0.0846 -0.0899 -0.0962 -0.1038 -0.0857 -0.0623 -0.0315 -0.0185 -0.0059  0.0074  0.0153  0.0236  0.0332  0.0198  0.0071 -0.0061  0.0133  0.0348  0.0450  0.0599  0.0683  0.0819  0.1298  0.1792  0.2157  0.2625  0.3170  0.3934  0.4904  0.6124  0.7854  1.0000
    34   biom     1.1169e+001 9.8155e-002  -0.2698 -0.1431 -0.1521 -0.1627 -0.1755 -0.1456 -0.1066 -0.0553 -0.0341 -0.0134  0.0082  0.0206  0.0335  0.0484  0.0240  0.0006 -0.0241  0.0049  0.0364  0.0471  0.0626  0.0636  0.0696  0.1308  0.1923  0.2209  0.2604  0.2944  0.3477  0.4035  0.4795  0.6185  0.7903  1.0000
    35   biom     1.1176e+001 1.0090e-001  -0.3790 -0.2016 -0.2143 -0.2292 -0.2473 -0.2054 -0.1508 -0.0790 -0.0495 -0.0208  0.0092  0.0261  0.0437  0.0639  0.0287 -0.0053 -0.0413 -0.0025  0.0391  0.0507  0.0675  0.0617  0.0610  0.1365  0.2113  0.2338  0.2681  0.2849  0.3191  0.3396  0.3766  0.4900  0.6292  0.8078  1.0000
    36   biom     1.1145e+001 9.9050e-002  -0.1306 -0.0692 -0.0735 -0.0787 -0.0848 -0.0703 -0.0513 -0.0264 -0.0161 -0.0060  0.0046  0.0107  0.0171  0.0245  0.0129  0.0019 -0.0097  0.0048  0.0207  0.0268  0.0357  0.0380  0.0432  0.0756  0.1083  0.1268  0.1514  0.1759  0.2123  0.2543  0.3091  0.3977  0.5073  0.6389  0.7822  1.0000
    37   biom     1.1114e+001 9.9176e-002   0.1246  0.0669  0.0711  0.0761  0.0821  0.0685  0.0508  0.0276  0.0182  0.0091 -0.0002 -0.0052 -0.0104 -0.0161 -0.0034  0.0091  0.0226  0.0122  0.0016  0.0020  0.0026  0.0131  0.0242  0.0121  0.0014  0.0154  0.0296  0.0616  0.0993  0.1624  0.2343  0.2958  0.3731  0.4543  0.5450  0.7783  1.0000
    38   biom     1.1083e+001 1.1612e-001   0.3327  0.1778  0.1891  0.2023  0.2182  0.1817  0.1341  0.0716  0.0461  0.0215 -0.0042 -0.0183 -0.0328 -0.0493 -0.0168  0.0149  0.0489  0.0181 -0.0142 -0.0185 -0.0248 -0.0077  0.0081 -0.0405 -0.0868 -0.0767 -0.0715 -0.0340  0.0041  0.0833  0.1680  0.2059  0.2550  0.2931  0.3386  0.5799  0.8138  1.0000
    39   biom     1.1053e+001 1.3403e-001   0.4844  0.2586  0.2749  0.2942  0.3173  0.2641  0.1948  0.1036  0.0664  0.0304 -0.0071 -0.0278 -0.0492 -0.0735 -0.0266  0.0191  0.0679  0.0222 -0.0258 -0.0336 -0.0448 -0.0230 -0.0040 -0.0792 -0.1515 -0.1444 -0.1458 -0.1045 -0.0664  0.0243  0.1177  0.1379  0.1657  0.1716  0.1833  0.4289  0.6702  0.8633  1.0000
    40   biomsd   1.0736e+001 1.8226e-001   0.5334  1.0000  0.9370  0.8731  0.8076  0.7295  0.6253  0.4840  0.3875  0.2993  0.2134  0.1520  0.0963  0.0408  0.0702  0.1016  0.1381  0.0736  0.0076 -0.0126 -0.0361 -0.0223 -0.0109 -0.1031 -0.1921 -0.1960 -0.2106 -0.1833 -0.1648 -0.0978 -0.0343 -0.0580 -0.0846 -0.1431 -0.2016 -0.0692  0.0669  0.1778  0.2586  1.0000
    41   biomsd   1.0737e+001 1.7502e-001   0.5671  0.9370  1.0000  0.9315  0.8613  0.7782  0.6672  0.5168  0.4139  0.3198  0.2282  0.1627  0.1033  0.0441  0.0753  0.1085  0.1472  0.0786  0.0084 -0.0132 -0.0382 -0.0236 -0.0115 -0.1096 -0.2042 -0.2083 -0.2238 -0.1949 -0.1752 -0.1040 -0.0364 -0.0617 -0.0899 -0.1521 -0.2143 -0.0735  0.0711  0.1891  0.2749  0.9370  1.0000
    42   biomsd   1.0737e+001 1.6693e-001   0.6067  0.8731  0.9315  1.0000  0.9244  0.8353  0.7164  0.5552  0.4448  0.3438  0.2456  0.1752  0.1115  0.0480  0.0812  0.1166  0.1579  0.0844  0.0092 -0.0139 -0.0408 -0.0251 -0.0122 -0.1172 -0.2184 -0.2228 -0.2395 -0.2085 -0.1874 -0.1112 -0.0390 -0.0660 -0.0962 -0.1627 -0.2292 -0.0787  0.0761  0.2023  0.2942  0.8731  0.9315  1.0000
    43   biomsd   1.0738e+001 1.5786e-001   0.6544  0.8076  0.8613  0.9244  1.0000  0.9038  0.7754  0.6013  0.4818  0.3726  0.2663  0.1902  0.1212  0.0526  0.0882  0.1263  0.1707  0.0914  0.0102 -0.0148 -0.0438 -0.0270 -0.0130 -0.1263 -0.2355 -0.2403 -0.2583 -0.2248 -0.2021 -0.1199 -0.0420 -0.0712 -0.1038 -0.1755 -0.2473 -0.0848  0.0821  0.2182  0.3173  0.8076  0.8613  0.9244  1.0000
    44   biomsd   1.0777e+001 1.4081e-001   0.5444  0.7295  0.7782  0.8353  0.9038  1.0000  0.8774  0.7096  0.5789  0.4607  0.3473  0.2623  0.1869  0.1138  0.1312  0.1525  0.1801  0.1067  0.0327  0.0064 -0.0225 -0.0120 -0.0030 -0.0992 -0.1917 -0.1966 -0.2124 -0.1851 -0.1666 -0.0986 -0.0340 -0.0584 -0.0857 -0.1456 -0.2054 -0.0703  0.0685  0.1817  0.2641  0.7295  0.7782  0.8353  0.9038  1.0000
    45   biomsd   1.0816e+001 1.2470e-001   0.4011  0.6253  0.6672  0.7164  0.7754  0.8774  1.0000  0.8414  0.6975  0.5688  0.4471  0.3516  0.2686  0.1905  0.1846  0.1846  0.1907  0.1254  0.0608  0.0331  0.0047  0.0070  0.0098 -0.0642 -0.1348 -0.1399 -0.1527 -0.1333 -0.1204 -0.0707 -0.0236 -0.0419 -0.0623 -0.1066 -0.1508 -0.0513  0.0508  0.1341  0.1948  0.6253  0.6672  0.7164  0.7754  0.8774  1.0000
    46   biomsd   1.0855e+001 1.0993e-001   0.2126  0.4840  0.5168  0.5552  0.6013  0.7096  0.8414  1.0000  0.8409  0.7004  0.5696  0.4616  0.3700  0.2863  0.2508  0.2233  0.2018  0.1477  0.0962  0.0669  0.0394  0.0313  0.0261 -0.0185 -0.0602 -0.0656 -0.0743 -0.0654 -0.0597 -0.0342 -0.0099 -0.0202 -0.0315 -0.0553 -0.0790 -0.0264  0.0276  0.0716  0.1036  0.4840  0.5168  0.5552  0.6013  0.7096  0.8414  1.0000
    47   biomsd   1.0879e+001 1.1062e-001   0.1355  0.3875  0.4139  0.4448  0.4818  0.5789  0.6975  0.8409  1.0000  0.8392  0.6906  0.5653  0.4601  0.3650  0.3104  0.2660  0.2279  0.1742  0.1243  0.0912  0.0615  0.0471  0.0372  0.0035 -0.0273 -0.0333 -0.0409 -0.0365 -0.0340 -0.0186 -0.0038 -0.0109 -0.0185 -0.0341 -0.0495 -0.0161  0.0182  0.0461  0.0664  0.3875  0.4139  0.4448  0.4818  0.5789  0.6975  0.8409  1.0000
    48   biomsd   1.0903e+001 1.0868e-001   0.0608  0.2993  0.3198  0.3438  0.3726  0.4607  0.5688  0.7004  0.8392  1.0000  0.8297  0.6839  0.5623  0.4535  0.3783  0.3155  0.2598  0.2052  0.1557  0.1181  0.0853  0.0643  0.0493  0.0259  0.0053 -0.0015 -0.0080 -0.0082 -0.0089 -0.0032  0.0023 -0.0018 -0.0059 -0.0134 -0.0208 -0.0060  0.0091  0.0215  0.0304  0.2993  0.3198  0.3438  0.3726  0.4607  0.5688  0.7004  0.8392  1.0000
    49   biomsd   1.0928e+001 1.0395e-001  -0.0170  0.2134  0.2282  0.2456  0.2663  0.3473  0.4471  0.5696  0.6906  0.8297  1.0000  0.8285  0.6861  0.5598  0.4607  0.3767  0.3007  0.2436  0.1933  0.1498  0.1130  0.0843  0.0636  0.0503  0.0402  0.0323  0.0267  0.0217  0.0176  0.0130  0.0089  0.0079  0.0074  0.0082  0.0092  0.0046 -0.0002 -0.0042 -0.0071  0.2134  0.2282  0.2456  0.2663  0.3473  0.4471  0.5696  0.6906  0.8297  1.0000
    50   biomsd   1.0948e+001 1.0630e-001  -0.0603  0.1520  0.1627  0.1752  0.1902  0.2623  0.3516  0.4616  0.5653  0.6839  0.8285  1.0000  0.8303  0.6803  0.5571  0.4523  0.3568  0.2919  0.2354  0.1838  0.1406  0.1045  0.0784  0.0690  0.0632  0.0539  0.0482  0.0401  0.0337  0.0231  0.0134  0.0140  0.0153  0.0206  0.0261  0.0107 -0.0052 -0.0183 -0.0278  0.1520  0.1627  0.1752  0.1902  0.2623  0.3516  0.4616  0.5653  0.6839  0.8285  1.0000
    51   biomsd   1.0969e+001 1.0521e-001  -0.1050  0.0963  0.1033  0.1115  0.1212  0.1869  0.2686  0.3700  0.4601  0.5623  0.6861  0.8303  1.0000  0.8216  0.6706  0.5418  0.4239  0.3492  0.2846  0.2234  0.1724  0.1279  0.0956  0.0898  0.0881  0.0771  0.0710  0.0595  0.0507  0.0339  0.0183  0.0204  0.0236  0.0335  0.0437  0.0171 -0.0104 -0.0328 -0.0492  0.0963  0.1033  0.1115  0.1212  0.1869  0.2686  0.3700  0.4601  0.5623  0.6861  0.8303  1.0000
    52   biomsd   1.0990e+001 1.0057e-001  -0.1560  0.0408  0.0441  0.0480  0.0526  0.1138  0.1905  0.2863  0.3650  0.4535  0.5598  0.6803  0.8216  1.0000  0.8143  0.6555  0.5098  0.4221  0.3468  0.2732  0.2122  0.1572  0.1172  0.1149  0.1175  0.1043  0.0976  0.0822  0.0705  0.0464  0.0241  0.0279  0.0332  0.0484  0.0639  0.0245 -0.0161 -0.0493 -0.0735  0.0408  0.0441  0.0480  0.0526  0.1138  0.1905  0.2863  0.3650  0.4535  0.5598  0.6803  0.8216  1.0000
    53   biomsd   1.0996e+001 1.0263e-001  -0.0601  0.0702  0.0753  0.0812  0.0882  0.1312  0.1846  0.2508  0.3104  0.3783  0.4607  0.5571  0.6706  0.8143  1.0000  0.8159  0.6487  0.5273  0.4205  0.3268  0.2475  0.1844  0.1389  0.1140  0.0957  0.0788  0.0672  0.0552  0.0455  0.0325  0.0208  0.0197  0.0198  0.0240  0.0287  0.0129 -0.0034 -0.0168 -0.0266  0.0702  0.0753  0.0812  0.0882  0.1312  0.1846  0.2508  0.3104  0.3783  0.4607  0.5571  0.6706  0.8143  1.0000
    54   biomsd   1.1001e+001 1.0153e-001   0.0330  0.1016  0.1085  0.1166  0.1263  0.1525  0.1846  0.2233  0.2660  0.3155  0.3767  0.4523  0.5418  0.6555  0.8159  1.0000  0.8064  0.6479  0.5066  0.3900  0.2902  0.2171  0.1646  0.1166  0.0771  0.0560  0.0392  0.0301  0.0222  0.0198  0.0183  0.0123  0.0071  0.0006 -0.0053  0.0019  0.0091  0.0149  0.0191  0.1016  0.1085  0.1166  0.1263  0.1525  0.1846  0.2233  0.2660  0.3155  0.3767  0.4523  0.5418  0.6555  0.8159  1.0000
    55   biomsd   1.1007e+001 9.7178e-002   0.1324  0.1381  0.1472  0.1579  0.1707  0.1801  0.1907  0.2018  0.2279  0.2598  0.3007  0.3568  0.4239  0.5098  0.6487  0.8064  1.0000  0.7969  0.6145  0.4699  0.3450  0.2589  0.1974  0.1232  0.0600  0.0338  0.0109  0.0047 -0.0017  0.0070  0.0162  0.0048 -0.0061 -0.0241 -0.0413 -0.0097  0.0226  0.0489  0.0679  0.1381  0.1472  0.1579  0.1707  0.1801  0.1907  0.2018  0.2279  0.2598  0.3007  0.3568  0.4239  0.5098  0.6487  0.8064  1.0000
    56   biomsd   1.1031e+001 9.5849e-002   0.0360  0.0736  0.0786  0.0844  0.0914  0.1067  0.1254  0.1477  0.1742  0.2052  0.2436  0.2919  0.3492  0.4221  0.5273  0.6479  0.7969  1.0000  0.7834  0.6036  0.4499  0.3365  0.2550  0.1832  0.1246  0.0921  0.0665  0.0517  0.0389  0.0333  0.0292  0.0206  0.0133  0.0049 -0.0025  0.0048  0.0122  0.0181  0.0222  0.0736  0.0786  0.0844  0.0914  0.1067  0.1254  0.1477  0.1742  0.2052  0.2436  0.2919  0.3492  0.4221  0.5273  0.6479  0.7969  1.0000
    57   biomsd   1.1056e+001 9.0456e-002  -0.0659  0.0076  0.0084  0.0092  0.0102  0.0327  0.0608  0.0962  0.1243  0.1557  0.1933  0.2354  0.2846  0.3468  0.4205  0.5066  0.6145  0.7834  1.0000  0.7744  0.5828  0.4349  0.3282  0.2559  0.1997  0.1589  0.1292  0.1046  0.0844  0.0632  0.0446  0.0385  0.0348  0.0364  0.0391  0.0207  0.0016 -0.0142 -0.0258  0.0076  0.0084  0.0092  0.0102  0.0327  0.0608  0.0962  0.1243  0.1557  0.1933  0.2354  0.2846  0.3468  0.4205  0.5066  0.6145  0.7834  1.0000
    58   biomsd   1.1073e+001 8.8942e-002  -0.0855 -0.0126 -0.0132 -0.0139 -0.0148  0.0064  0.0331  0.0669  0.0912  0.1181  0.1498  0.1838  0.2234  0.2732  0.3268  0.3900  0.4699  0.6036  0.7744  1.0000  0.7526  0.5616  0.4239  0.3305  0.2580  0.2054  0.1670  0.1352  0.1091  0.0816  0.0576  0.0498  0.0450  0.0471  0.0507  0.0268  0.0020 -0.0185 -0.0336 -0.0126 -0.0132 -0.0139 -0.0148  0.0064  0.0331  0.0669  0.0912  0.1181  0.1498  0.1838  0.2234  0.2732  0.3268  0.3900  0.4699  0.6036  0.7744  1.0000
    59   biomsd   1.1089e+001 8.1155e-002  -0.1140 -0.0361 -0.0382 -0.0408 -0.0438 -0.0225  0.0047  0.0394  0.0615  0.0853  0.1130  0.1406  0.1724  0.2122  0.2475  0.2902  0.3450  0.4499  0.5828  0.7526  1.0000  0.7462  0.5632  0.4393  0.3430  0.2730  0.2221  0.1798  0.1451  0.1086  0.0765  0.0662  0.0599  0.0626  0.0675  0.0357  0.0026 -0.0248 -0.0448 -0.0361 -0.0382 -0.0408 -0.0438 -0.0225  0.0047  0.0394  0.0615  0.0853  0.1130  0.1406  0.1724  0.2122  0.2475  0.2902  0.3450  0.4499  0.5828  0.7526  1.0000
    60   biomsd   1.1100e+001 8.6420e-002  -0.0764 -0.0223 -0.0236 -0.0251 -0.0270 -0.0120  0.0070  0.0313  0.0471  0.0643  0.0843  0.1045  0.1279  0.1572  0.1844  0.2171  0.2589  0.3365  0.4349  0.5616  0.7462  1.0000  0.7557  0.5757  0.4334  0.3388  0.2682  0.2154  0.1713  0.1318  0.0979  0.0806  0.0683  0.0636  0.0617  0.0380  0.0131 -0.0077 -0.0230 -0.0223 -0.0236 -0.0251 -0.0270 -0.0120  0.0070  0.0313  0.0471  0.0643  0.0843  0.1045  0.1279  0.1572  0.1844  0.2171  0.2589  0.3365  0.4349  0.5616  0.7462  1.0000
    61   biomsd   1.1110e+001 8.4900e-002  -0.0466 -0.0109 -0.0115 -0.0122 -0.0130 -0.0030  0.0098  0.0261  0.0372  0.0493  0.0636  0.0784  0.0956  0.1172  0.1389  0.1646  0.1974  0.2550  0.3282  0.4239  0.5632  0.7557  1.0000  0.7521  0.5545  0.4288  0.3338  0.2665  0.2101  0.1646  0.1262  0.1009  0.0819  0.0696  0.0610  0.0432  0.0242  0.0081 -0.0040 -0.0109 -0.0115 -0.0122 -0.0130 -0.0030  0.0098  0.0261  0.0372  0.0493  0.0636  0.0784  0.0956  0.1172  0.1389  0.1646  0.1974  0.2550  0.3282  0.4239  0.5632  0.7557  1.0000
    62   biomsd   1.1137e+001 9.0488e-002  -0.2128 -0.1031 -0.1096 -0.1172 -0.1263 -0.0992 -0.0642 -0.0185  0.0035  0.0259  0.0503  0.0690  0.0898  0.1149  0.1140  0.1166  0.1232  0.1832  0.2559  0.3305  0.4393  0.5757  0.7521  1.0000  0.7705  0.6094  0.4910  0.3964  0.3183  0.2404  0.1727  0.1468  0.1298  0.1308  0.1365  0.0756  0.0121 -0.0405 -0.0792 -0.1031 -0.1096 -0.1172 -0.1263 -0.0992 -0.0642 -0.0185  0.0035  0.0259  0.0503  0.0690  0.0898  0.1149  0.1140  0.1166  0.1232  0.1832  0.2559  0.3305  0.4393  0.5757  0.7521  1.0000
    63   biomsd   1.1163e+001 9.2362e-002  -0.3742 -0.1921 -0.2042 -0.2184 -0.2355 -0.1917 -0.1348 -0.0602 -0.0273  0.0053  0.0402  0.0632  0.0881  0.1175  0.0957  0.0771  0.0600  0.1246  0.1997  0.2580  0.3430  0.4334  0.5545  0.7705  1.0000  0.7999  0.6552  0.5317  0.4305  0.3198  0.2223  0.1949  0.1792  0.1923  0.2113  0.1083  0.0014 -0.0868 -0.1515 -0.1921 -0.2042 -0.2184 -0.2355 -0.1917 -0.1348 -0.0602 -0.0273  0.0053  0.0402  0.0632  0.0881  0.1175  0.0957  0.0771  0.0600  0.1246  0.1997  0.2580  0.3430  0.4334  0.5545  0.7705  1.0000
    64   biomsd   1.1173e+001 9.7675e-002  -0.3781 -0.1960 -0.2083 -0.2228 -0.2403 -0.1966 -0.1399 -0.0656 -0.0333 -0.0015  0.0323  0.0539  0.0771  0.1043  0.0788  0.0560  0.0338  0.0921  0.1589  0.2054  0.2730  0.3388  0.4288  0.6094  0.7999  1.0000  0.8090  0.6540  0.5261  0.3958  0.2821  0.2416  0.2157  0.2209  0.2338  0.1268  0.0154 -0.0767 -0.1444 -0.1960 -0.2083 -0.2228 -0.2403 -0.1966 -0.1399 -0.0656 -0.0333 -0.0015  0.0323  0.0539  0.0771  0.1043  0.0788  0.0560  0.0338  0.0921  0.1589  0.2054  0.2730  0.3388  0.4288  0.6094  0.7999  1.0000
    65   biomsd   1.1182e+001 9.7517e-002  -0.4030 -0.2106 -0.2238 -0.2395 -0.2583 -0.2124 -0.1527 -0.0743 -0.0409 -0.0080  0.0267  0.0482  0.0710  0.0976  0.0672  0.0392  0.0109  0.0665  0.1292  0.1670  0.2221  0.2682  0.3338  0.4910  0.6552  0.8090  1.0000  0.8064  0.6462  0.4901  0.3545  0.2993  0.2625  0.2604  0.2681  0.1514  0.0296 -0.0715 -0.1458 -0.2106 -0.2238 -0.2395 -0.2583 -0.2124 -0.1527 -0.0743 -0.0409 -0.0080  0.0267  0.0482  0.0710  0.0976  0.0672  0.0392  0.0109  0.0665  0.1292  0.1670  0.2221  0.2682  0.3338  0.4910  0.6552  0.8090  1.0000
    66   biomsd   1.1181e+001 9.7090e-002  -0.3502 -0.1833 -0.1949 -0.2085 -0.2248 -0.1851 -0.1333 -0.0654 -0.0365 -0.0082  0.0217  0.0401  0.0595  0.0822  0.0552  0.0301  0.0047  0.0517  0.1046  0.1352  0.1798  0.2154  0.2665  0.3964  0.5317  0.6540  0.8064  1.0000  0.7953  0.6123  0.4552  0.3746  0.3170  0.2944  0.2849  0.1759  0.0616 -0.0340 -0.1045 -0.1833 -0.1949 -0.2085 -0.2248 -0.1851 -0.1333 -0.0654 -0.0365 -0.0082  0.0217  0.0401  0.0595  0.0822  0.0552  0.0301  0.0047  0.0517  0.1046  0.1352  0.1798  0.2154  0.2665  0.3964  0.5317  0.6540  0.8064  1.0000
    67   biomsd   1.1179e+001 9.1414e-002  -0.3140 -0.1648 -0.1752 -0.1874 -0.2021 -0.1666 -0.1204 -0.0597 -0.0340 -0.0089  0.0176  0.0337  0.0507  0.0705  0.0455  0.0222 -0.0017  0.0389  0.0844  0.1091  0.1451  0.1713  0.2101  0.3183  0.4305  0.5261  0.6462  0.7953  1.0000  0.7779  0.5888  0.4763  0.3934  0.3477  0.3191  0.2123  0.0993  0.0041 -0.0664 -0.1648 -0.1752 -0.1874 -0.2021 -0.1666 -0.1204 -0.0597 -0.0340 -0.0089  0.0176  0.0337  0.0507  0.0705  0.0455  0.0222 -0.0017  0.0389  0.0844  0.1091  0.1451  0.1713  0.2101  0.3183  0.4305  0.5261  0.6462  0.7953  1.0000
    68   biomsd   1.1168e+001 9.2748e-002  -0.1874 -0.0978 -0.1040 -0.1112 -0.1199 -0.0986 -0.0707 -0.0342 -0.0186 -0.0032  0.0130  0.0231  0.0339  0.0464  0.0325  0.0198  0.0070  0.0333  0.0632  0.0816  0.1086  0.1318  0.1646  0.2404  0.3198  0.3958  0.4901  0.6123  0.7779  1.0000  0.7743  0.6132  0.4904  0.4035  0.3396  0.2543  0.1624  0.0833  0.0243 -0.0978 -0.1040 -0.1112 -0.1199 -0.0986 -0.0707 -0.0342 -0.0186 -0.0032  0.0130  0.0231  0.0339  0.0464  0.0325  0.0198  0.0070  0.0333  0.0632  0.0816  0.1086  0.1318  0.1646  0.2404  0.3198  0.3958  0.4901  0.6123  0.7779  1.0000
    69   biomsd   1.1156e+001 8.9811e-002  -0.0675 -0.0343 -0.0364 -0.0390 -0.0420 -0.0340 -0.0236 -0.0099 -0.0038  0.0023  0.0089  0.0134  0.0183  0.0241  0.0208  0.0183  0.0162  0.0292  0.0446  0.0576  0.0765  0.0979  0.1262  0.1727  0.2223  0.2821  0.3545  0.4552  0.5888  0.7743  1.0000  0.7816  0.6124  0.4795  0.3766  0.3091  0.2343  0.1680  0.1177 -0.0343 -0.0364 -0.0390 -0.0420 -0.0340 -0.0236 -0.0099 -0.0038  0.0023  0.0089  0.0134  0.0183  0.0241  0.0208  0.0183  0.0162  0.0292  0.0446  0.0576  0.0765  0.0979  0.1262  0.1727  0.2223  0.2821  0.3545  0.4552  0.5888  0.7743  1.0000
    70   biomsd   1.1159e+001 9.3362e-002  -0.1113 -0.0580 -0.0617 -0.0660 -0.0712 -0.0584 -0.0419 -0.0202 -0.0109 -0.0018  0.0079  0.0140  0.0204  0.0279  0.0197  0.0123  0.0048  0.0206  0.0385  0.0498  0.0662  0.0806  0.1009  0.1468  0.1949  0.2416  0.2993  0.3746  0.4763  0.6132  0.7816  1.0000  0.7854  0.6185  0.4900  0.3977  0.2958  0.2059  0.1379 -0.0580 -0.0617 -0.0660 -0.0712 -0.0584 -0.0419 -0.0202 -0.0109 -0.0018  0.0079  0.0140  0.0204  0.0279  0.0197  0.0123  0.0048  0.0206  0.0385  0.0498  0.0662  0.0806  0.1009  0.1468  0.1949  0.2416  0.2993  0.3746  0.4763  0.6132  0.7816  1.0000
    71   biomsd   1.1161e+001 9.1651e-002  -0.1606 -0.0846 -0.0899 -0.0962 -0.1038 -0.0857 -0.0623 -0.0315 -0.0185 -0.0059  0.0074  0.0153  0.0236  0.0332  0.0198  0.0071 -0.0061  0.0133  0.0348  0.0450  0.0599  0.0683  0.0819  0.1298  0.1792  0.2157  0.2625  0.3170  0.3934  0.4904  0.6124  0.7854  1.0000  0.7903  0.6292  0.5073  0.3731  0.2550  0.1657 -0.0846 -0.0899 -0.0962 -0.1038 -0.0857 -0.0623 -0.0315 -0.0185 -0.0059  0.0074  0.0153  0.0236  0.0332  0.0198  0.0071 -0.0061  0.0133  0.0348  0.0450  0.0599  0.0683  0.0819  0.1298  0.1792  0.2157  0.2625  0.3170  0.3934  0.4904  0.6124  0.7854  1.0000
    72   biomsd   1.1169e+001 9.8155e-002  -0.2698 -0.1431 -0.1521 -0.1627 -0.1755 -0.1456 -0.1066 -0.0553 -0.0341 -0.0134  0.0082  0.0206  0.0335  0.0484  0.0240  0.0006 -0.0241  0.0049  0.0364  0.0471  0.0626  0.0636  0.0696  0.1308  0.1923  0.2209  0.2604  0.2944  0.3477  0.4035  0.4795  0.6185  0.7903  1.0000  0.8078  0.6389  0.4543  0.2931  0.1716 -0.1431 -0.1521 -0.1627 -0.1755 -0.1456 -0.1066 -0.0553 -0.0341 -0.0134  0.0082  0.0206  0.0335  0.0484  0.0240  0.0006 -0.0241  0.0049  0.0364  0.0471  0.0626  0.0636  0.0696  0.1308  0.1923  0.2209  0.2604  0.2944  0.3477  0.4035  0.4795  0.6185  0.7903  1.0000
    73   biomsd   1.1176e+001 1.0090e-001  -0.3790 -0.2016 -0.2143 -0.2292 -0.2473 -0.2054 -0.1508 -0.0790 -0.0495 -0.0208  0.0092  0.0261  0.0437  0.0639  0.0287 -0.0053 -0.0413 -0.0025  0.0391  0.0507  0.0675  0.0617  0.0610  0.1365  0.2113  0.2338  0.2681  0.2849  0.3191  0.3396  0.3766  0.4900  0.6292  0.8078  1.0000  0.7822  0.5450  0.3386  0.1833 -0.2016 -0.2143 -0.2292 -0.2473 -0.2054 -0.1508 -0.0790 -0.0495 -0.0208  0.0092  0.0261  0.0437  0.0639  0.0287 -0.0053 -0.0413 -0.0025  0.0391  0.0507  0.0675  0.0617  0.0610  0.1365  0.2113  0.2338  0.2681  0.2849  0.3191  0.3396  0.3766  0.4900  0.6292  0.8078  1.0000
    74   biomsd   1.1145e+001 9.9050e-002  -0.1306 -0.0692 -0.0735 -0.0787 -0.0848 -0.0703 -0.0513 -0.0264 -0.0161 -0.0060  0.0046  0.0107  0.0171  0.0245  0.0129  0.0019 -0.0097  0.0048  0.0207  0.0268  0.0357  0.0380  0.0432  0.0756  0.1083  0.1268  0.1514  0.1759  0.2123  0.2543  0.3091  0.3977  0.5073  0.6389  0.7822  1.0000  0.7783  0.5799  0.4289 -0.0692 -0.0735 -0.0787 -0.0848 -0.0703 -0.0513 -0.0264 -0.0161 -0.0060  0.0046  0.0107  0.0171  0.0245  0.0129  0.0019 -0.0097  0.0048  0.0207  0.0268  0.0357  0.0380  0.0432  0.0756  0.1083  0.1268  0.1514  0.1759  0.2123  0.2543  0.3091  0.3977  0.5073  0.6389  0.7822  1.0000
    75   biomsd   1.1114e+001 9.9176e-002   0.1246  0.0669  0.0711  0.0761  0.0821  0.0685  0.0508  0.0276  0.0182  0.0091 -0.0002 -0.0052 -0.0104 -0.0161 -0.0034  0.0091  0.0226  0.0122  0.0016  0.0020  0.0026  0.0131  0.0242  0.0121  0.0014  0.0154  0.0296  0.0616  0.0993  0.1624  0.2343  0.2958  0.3731  0.4543  0.5450  0.7783  1.0000  0.8138  0.6702  0.0669  0.0711  0.0761  0.0821  0.0685  0.0508  0.0276  0.0182  0.0091 -0.0002 -0.0052 -0.0104 -0.0161 -0.0034  0.0091  0.0226  0.0122  0.0016  0.0020  0.0026  0.0131  0.0242  0.0121  0.0014  0.0154  0.0296  0.0616  0.0993  0.1624  0.2343  0.2958  0.3731  0.4543  0.5450  0.7783  1.0000
    76   biomsd   1.1083e+001 1.1612e-001   0.3327  0.1778  0.1891  0.2023  0.2182  0.1817  0.1341  0.0716  0.0461  0.0215 -0.0042 -0.0183 -0.0328 -0.0493 -0.0168  0.0149  0.0489  0.0181 -0.0142 -0.0185 -0.0248 -0.0077  0.0081 -0.0405 -0.0868 -0.0767 -0.0715 -0.0340  0.0041  0.0833  0.1680  0.2059  0.2550  0.2931  0.3386  0.5799  0.8138  1.0000  0.8633  0.1778  0.1891  0.2023  0.2182  0.1817  0.1341  0.0716  0.0461  0.0215 -0.0042 -0.0183 -0.0328 -0.0493 -0.0168  0.0149  0.0489  0.0181 -0.0142 -0.0185 -0.0248 -0.0077  0.0081 -0.0405 -0.0868 -0.0767 -0.0715 -0.0340  0.0041  0.0833  0.1680  0.2059  0.2550  0.2931  0.3386  0.5799  0.8138  1.0000
    77   biomsd   1.1053e+001 1.3403e-001   0.4844  0.2586  0.2749  0.2942  0.3173  0.2641  0.1948  0.1036  0.0664  0.0304 -0.0071 -0.0278 -0.0492 -0.0735 -0.0266  0.0191  0.0679  0.0222 -0.0258 -0.0336 -0.0448 -0.0230 -0.0040 -0.0792 -0.1515 -0.1444 -0.1458 -0.1045 -0.0664  0.0243  0.1177  0.1379  0.1657  0.1716  0.1833  0.4289  0.6702  0.8633  1.0000  0.2586  0.2749  0.2942  0.3173  0.2641  0.1948  0.1036  0.0664  0.0304 -0.0071 -0.0278 -0.0492 -0.0735 -0.0266  0.0191  0.0679  0.0222 -0.0258 -0.0336 -0.0448 -0.0230 -0.0040 -0.0792 -0.1515 -0.1444 -0.1458 -0.1045 -0.0664  0.0243  0.1177  0.1379  0.1657  0.1716  0.1833  0.4289  0.6702  0.8633  1.0000
    78   biomA    4.5998e+004 8.3836e+003   0.5334  1.0000  0.9370  0.8731  0.8076  0.7295  0.6253  0.4840  0.3875  0.2993  0.2134  0.1520  0.0963  0.0408  0.0702  0.1016  0.1381  0.0736  0.0076 -0.0126 -0.0361 -0.0223 -0.0109 -0.1031 -0.1921 -0.1960 -0.2106 -0.1833 -0.1648 -0.0978 -0.0343 -0.0580 -0.0846 -0.1431 -0.2016 -0.0692  0.0669  0.1778  0.2586  1.0000  0.9370  0.8731  0.8076  0.7295  0.6253  0.4840  0.3875  0.2993  0.2134  0.1520  0.0963  0.0408  0.0702  0.1016  0.1381  0.0736  0.0076 -0.0126 -0.0361 -0.0223 -0.0109 -0.1031 -0.1921 -0.1960 -0.2106 -0.1833 -0.1648 -0.0978 -0.0343 -0.0580 -0.0846 -0.1431 -0.2016 -0.0692  0.0669  0.1778  0.2586  1.0000
    79   biomA    4.6022e+004 8.0549e+003   0.5671  0.9370  1.0000  0.9315  0.8613  0.7782  0.6672  0.5168  0.4139  0.3198  0.2282  0.1627  0.1033  0.0441  0.0753  0.1085  0.1472  0.0786  0.0084 -0.0132 -0.0382 -0.0236 -0.0115 -0.1096 -0.2042 -0.2083 -0.2238 -0.1949 -0.1752 -0.1040 -0.0364 -0.0617 -0.0899 -0.1521 -0.2143 -0.0735  0.0711  0.1890  0.2749  0.9370  1.0000  0.9315  0.8613  0.7782  0.6672  0.5168  0.4139  0.3198  0.2282  0.1627  0.1033  0.0441  0.0753  0.1085  0.1472  0.0786  0.0084 -0.0132 -0.0382 -0.0236 -0.0115 -0.1096 -0.2042 -0.2083 -0.2238 -0.1949 -0.1752 -0.1040 -0.0364 -0.0617 -0.0899 -0.1521 -0.2143 -0.0735  0.0711  0.1890  0.2749  0.9370  1.0000
    80   biomA    4.6046e+004 7.6867e+003   0.6067  0.8731  0.9315  1.0000  0.9244  0.8353  0.7164  0.5552  0.4448  0.3438  0.2456  0.1752  0.1115  0.0480  0.0812  0.1166  0.1579  0.0844  0.0092 -0.0139 -0.0408 -0.0251 -0.0122 -0.1172 -0.2184 -0.2228 -0.2395 -0.2085 -0.1874 -0.1112 -0.0390 -0.0660 -0.0962 -0.1627 -0.2292 -0.0787  0.0761  0.2023  0.2942  0.8731  0.9315  1.0000  0.9244  0.8353  0.7164  0.5552  0.4448  0.3438  0.2456  0.1752  0.1115  0.0480  0.0812  0.1166  0.1579  0.0844  0.0092 -0.0139 -0.0408 -0.0251 -0.0122 -0.1172 -0.2184 -0.2228 -0.2395 -0.2085 -0.1874 -0.1112 -0.0390 -0.0660 -0.0962 -0.1627 -0.2292 -0.0787  0.0761  0.2023  0.2942  0.8731  0.9315  1.0000
    81   biomA    4.6070e+004 7.2728e+003   0.6544  0.8076  0.8613  0.9244  1.0000  0.9038  0.7754  0.6013  0.4818  0.3726  0.2663  0.1902  0.1212  0.0526  0.0882  0.1263  0.1707  0.0914  0.0102 -0.0148 -0.0438 -0.0270 -0.0130 -0.1263 -0.2355 -0.2403 -0.2583 -0.2248 -0.2021 -0.1199 -0.0420 -0.0712 -0.1038 -0.1755 -0.2473 -0.0848  0.0821  0.2182  0.3173  0.8076  0.8613  0.9244  1.0000  0.9038  0.7754  0.6013  0.4818  0.3726  0.2663  0.1902  0.1212  0.0526  0.0882  0.1263  0.1707  0.0914  0.0102 -0.0148 -0.0438 -0.0270 -0.0130 -0.1263 -0.2355 -0.2403 -0.2583 -0.2248 -0.2021 -0.1199 -0.0420 -0.0712 -0.1038 -0.1755 -0.2473 -0.0848  0.0821  0.2182  0.3173  0.8076  0.8613  0.9244  1.0000
    82   biomA    4.7897e+004 6.7446e+003   0.5444  0.7295  0.7782  0.8353  0.9038  1.0000  0.8774  0.7096  0.5789  0.4607  0.3473  0.2623  0.1869  0.1138  0.1312  0.1525  0.1801  0.1067  0.0327  0.0064 -0.0225 -0.0120 -0.0030 -0.0992 -0.1917 -0.1966 -0.2124 -0.1851 -0.1666 -0.0986 -0.0340 -0.0584 -0.0857 -0.1456 -0.2054 -0.0703  0.0685  0.1817  0.2641  0.7295  0.7782  0.8353  0.9038  1.0000  0.8774  0.7096  0.5789  0.4607  0.3473  0.2623  0.1869  0.1138  0.1312  0.1525  0.1801  0.1067  0.0327  0.0064 -0.0225 -0.0120 -0.0030 -0.0992 -0.1917 -0.1966 -0.2124 -0.1851 -0.1666 -0.0986 -0.0340 -0.0584 -0.0857 -0.1456 -0.2054 -0.0703  0.0685  0.1817  0.2641  0.7295  0.7782  0.8353  0.9038  1.0000
    83   biomA    4.9796e+004 6.2094e+003   0.4011  0.6253  0.6672  0.7164  0.7754  0.8774  1.0000  0.8414  0.6975  0.5688  0.4471  0.3516  0.2686  0.1905  0.1846  0.1846  0.1907  0.1254  0.0608  0.0331  0.0047  0.0070  0.0098 -0.0642 -0.1348 -0.1399 -0.1527 -0.1333 -0.1204 -0.0707 -0.0236 -0.0419 -0.0623 -0.1066 -0.1508 -0.0513  0.0508  0.1341  0.1948  0.6253  0.6672  0.7164  0.7754  0.8774  1.0000  0.8414  0.6975  0.5688  0.4471  0.3516  0.2686  0.1905  0.1846  0.1846  0.1907  0.1254  0.0608  0.0331  0.0047  0.0070  0.0098 -0.0642 -0.1348 -0.1399 -0.1527 -0.1333 -0.1204 -0.0707 -0.0236 -0.0419 -0.0623 -0.1066 -0.1508 -0.0513  0.0508  0.1341  0.1948  0.6253  0.6672  0.7164  0.7754  0.8774  1.0000
    84   biomA    5.1770e+004 5.6908e+003   0.2126  0.4840  0.5168  0.5552  0.6013  0.7096  0.8414  1.0000  0.8409  0.7004  0.5696  0.4616  0.3701  0.2863  0.2508  0.2233  0.2018  0.1477  0.0962  0.0669  0.0394  0.0313  0.0261 -0.0185 -0.0602 -0.0656 -0.0743 -0.0654 -0.0597 -0.0342 -0.0099 -0.0202 -0.0315 -0.0553 -0.0790 -0.0264  0.0276  0.0716  0.1036  0.4840  0.5168  0.5552  0.6013  0.7096  0.8414  1.0000  0.8409  0.7004  0.5696  0.4616  0.3701  0.2863  0.2508  0.2233  0.2018  0.1477  0.0962  0.0669  0.0394  0.0313  0.0261 -0.0185 -0.0602 -0.0656 -0.0743 -0.0654 -0.0597 -0.0342 -0.0099 -0.0202 -0.0315 -0.0553 -0.0790 -0.0264  0.0276  0.0716  0.1036  0.4840  0.5168  0.5552  0.6013  0.7096  0.8414  1.0000
    85   biomA    5.3047e+004 5.8680e+003   0.1355  0.3875  0.4139  0.4448  0.4818  0.5789  0.6975  0.8409  1.0000  0.8392  0.6906  0.5653  0.4601  0.3650  0.3104  0.2660  0.2279  0.1742  0.1243  0.0912  0.0615  0.0471  0.0372  0.0035 -0.0273 -0.0333 -0.0409 -0.0365 -0.0340 -0.0186 -0.0038 -0.0109 -0.0185 -0.0341 -0.0495 -0.0161  0.0182  0.0461  0.0664  0.3875  0.4139  0.4448  0.4818  0.5789  0.6975  0.8409  1.0000  0.8392  0.6906  0.5653  0.4601  0.3650  0.3104  0.2660  0.2279  0.1742  0.1243  0.0912  0.0615  0.0471  0.0372  0.0035 -0.0273 -0.0333 -0.0409 -0.0365 -0.0340 -0.0186 -0.0038 -0.0109 -0.0185 -0.0341 -0.0495 -0.0161  0.0182  0.0461  0.0664  0.3875  0.4139  0.4448  0.4818  0.5789  0.6975  0.8409  1.0000
    86   biomA    5.4356e+004 5.9071e+003   0.0608  0.2993  0.3198  0.3438  0.3726  0.4607  0.5688  0.7004  0.8392  1.0000  0.8297  0.6839  0.5623  0.4535  0.3783  0.3155  0.2598  0.2052  0.1557  0.1181  0.0853  0.0643  0.0493  0.0259  0.0053 -0.0015 -0.0080 -0.0082 -0.0089 -0.0032  0.0023 -0.0018 -0.0059 -0.0134 -0.0208 -0.0060  0.0091  0.0215  0.0304  0.2993  0.3198  0.3438  0.3726  0.4607  0.5688  0.7004  0.8392  1.0000  0.8297  0.6839  0.5623  0.4535  0.3783  0.3155  0.2598  0.2052  0.1557  0.1181  0.0853  0.0643  0.0493  0.0259  0.0053 -0.0015 -0.0080 -0.0082 -0.0089 -0.0032  0.0023 -0.0018 -0.0059 -0.0134 -0.0208 -0.0060  0.0091  0.0215  0.0304  0.2993  0.3198  0.3438  0.3726  0.4607  0.5688  0.7004  0.8392  1.0000
    87   biomA    5.5697e+004 5.7896e+003  -0.0170  0.2134  0.2282  0.2456  0.2663  0.3473  0.4471  0.5696  0.6906  0.8297  1.0000  0.8285  0.6861  0.5598  0.4607  0.3767  0.3007  0.2436  0.1933  0.1498  0.1130  0.0843  0.0636  0.0503  0.0402  0.0323  0.0267  0.0217  0.0176  0.0130  0.0089  0.0079  0.0074  0.0082  0.0092  0.0046 -0.0002 -0.0042 -0.0071  0.2134  0.2282  0.2456  0.2663  0.3473  0.4471  0.5696  0.6906  0.8297  1.0000  0.8285  0.6861  0.5598  0.4607  0.3767  0.3007  0.2436  0.1933  0.1498  0.1130  0.0843  0.0636  0.0503  0.0402  0.0323  0.0267  0.0217  0.0176  0.0130  0.0089  0.0079  0.0074  0.0082  0.0092  0.0046 -0.0002 -0.0042 -0.0071  0.2134  0.2282  0.2456  0.2663  0.3473  0.4471  0.5696  0.6906  0.8297  1.0000
    88   biomA    5.6864e+004 6.0447e+003  -0.0603  0.1520  0.1627  0.1752  0.1902  0.2623  0.3516  0.4616  0.5653  0.6839  0.8285  1.0000  0.8303  0.6803  0.5571  0.4523  0.3568  0.2919  0.2354  0.1838  0.1406  0.1045  0.0784  0.0690  0.0632  0.0539  0.0482  0.0401  0.0337  0.0231  0.0134  0.0140  0.0153  0.0206  0.0261  0.0107 -0.0052 -0.0183 -0.0278  0.1520  0.1627  0.1752  0.1902  0.2623  0.3516  0.4616  0.5653  0.6839  0.8285  1.0000  0.8303  0.6803  0.5571  0.4523  0.3568  0.2919  0.2354  0.1838  0.1406  0.1045  0.0784  0.0690  0.0632  0.0539  0.0482  0.0401  0.0337  0.0231  0.0134  0.0140  0.0153  0.0206  0.0261  0.0107 -0.0052 -0.0183 -0.0278  0.1520  0.1627  0.1752  0.1902  0.2623  0.3516  0.4616  0.5653  0.6839  0.8285  1.0000
    89   biomA    5.8055e+004 6.1081e+003  -0.1050  0.0963  0.1033  0.1115  0.1212  0.1869  0.2686  0.3701  0.4601  0.5623  0.6861  0.8303  1.0000  0.8216  0.6706  0.5418  0.4239  0.3492  0.2846  0.2234  0.1724  0.1279  0.0956  0.0898  0.0881  0.0771  0.0710  0.0595  0.0507  0.0339  0.0183  0.0204  0.0236  0.0335  0.0437  0.0171 -0.0104 -0.0328 -0.0492  0.0963  0.1033  0.1115  0.1212  0.1869  0.2686  0.3701  0.4601  0.5623  0.6861  0.8303  1.0000  0.8216  0.6706  0.5418  0.4239  0.3492  0.2846  0.2234  0.1724  0.1279  0.0956  0.0898  0.0881  0.0771  0.0710  0.0595  0.0507  0.0339  0.0183  0.0204  0.0236  0.0335  0.0437  0.0171 -0.0104 -0.0328 -0.0492  0.0963  0.1033  0.1115  0.1212  0.1869  0.2686  0.3701  0.4601  0.5623  0.6861  0.8303  1.0000
    90   biomA    5.9271e+004 5.9610e+003  -0.1560  0.0408  0.0441  0.0480  0.0526  0.1138  0.1905  0.2863  0.3650  0.4535  0.5598  0.6803  0.8216  1.0000  0.8143  0.6555  0.5098  0.4221  0.3468  0.2732  0.2122  0.1572  0.1172  0.1149  0.1175  0.1043  0.0976  0.0822  0.0705  0.0464  0.0241  0.0279  0.0332  0.0484  0.0639  0.0245 -0.0161 -0.0493 -0.0735  0.0408  0.0441  0.0480  0.0526  0.1138  0.1905  0.2863  0.3650  0.4535  0.5598  0.6803  0.8216  1.0000  0.8143  0.6555  0.5098  0.4221  0.3468  0.2732  0.2122  0.1572  0.1172  0.1149  0.1175  0.1043  0.0976  0.0822  0.0705  0.0464  0.0241  0.0279  0.0332  0.0484  0.0639  0.0245 -0.0161 -0.0493 -0.0735  0.0408  0.0441  0.0480  0.0526  0.1138  0.1905  0.2863  0.3650  0.4535  0.5598  0.6803  0.8216  1.0000
    91   biomA    5.9610e+004 6.1175e+003  -0.0601  0.0702  0.0753  0.0812  0.0882  0.1312  0.1846  0.2508  0.3104  0.3783  0.4607  0.5571  0.6706  0.8142  1.0000  0.8159  0.6487  0.5273  0.4205  0.3268  0.2475  0.1844  0.1389  0.1140  0.0957  0.0788  0.0672  0.0552  0.0455  0.0325  0.0208  0.0197  0.0198  0.0240  0.0287  0.0129 -0.0034 -0.0168 -0.0266  0.0702  0.0753  0.0812  0.0882  0.1312  0.1846  0.2508  0.3104  0.3783  0.4607  0.5571  0.6706  0.8142  1.0000  0.8159  0.6487  0.5273  0.4205  0.3268  0.2475  0.1844  0.1389  0.1140  0.0957  0.0788  0.0672  0.0552  0.0455  0.0325  0.0208  0.0197  0.0198  0.0240  0.0287  0.0129 -0.0034 -0.0168 -0.0266  0.0702  0.0753  0.0812  0.0882  0.1312  0.1846  0.2508  0.3104  0.3783  0.4607  0.5571  0.6706  0.8142  1.0000
    92   biomA    5.9952e+004 6.0868e+003   0.0330  0.1016  0.1085  0.1166  0.1263  0.1525  0.1846  0.2233  0.2660  0.3155  0.3767  0.4523  0.5418  0.6555  0.8159  1.0000  0.8064  0.6479  0.5066  0.3900  0.2902  0.2171  0.1646  0.1166  0.0771  0.0560  0.0392  0.0301  0.0222  0.0198  0.0183  0.0123  0.0071  0.0006 -0.0053  0.0019  0.0091  0.0149  0.0191  0.1016  0.1085  0.1166  0.1263  0.1525  0.1846  0.2233  0.2660  0.3155  0.3767  0.4523  0.5418  0.6555  0.8159  1.0000  0.8064  0.6479  0.5066  0.3900  0.2902  0.2171  0.1646  0.1166  0.0771  0.0560  0.0392  0.0301  0.0222  0.0198  0.0183  0.0123  0.0071  0.0006 -0.0053  0.0019  0.0091  0.0149  0.0191  0.1016  0.1085  0.1166  0.1263  0.1525  0.1846  0.2233  0.2660  0.3155  0.3767  0.4523  0.5418  0.6555  0.8159  1.0000
    93   biomA    6.0295e+004 5.8594e+003   0.1324  0.1381  0.1472  0.1579  0.1707  0.1801  0.1907  0.2018  0.2279  0.2598  0.3007  0.3568  0.4239  0.5098  0.6487  0.8064  1.0000  0.7969  0.6145  0.4699  0.3450  0.2589  0.1974  0.1232  0.0600  0.0338  0.0109  0.0047 -0.0017  0.0070  0.0162  0.0048 -0.0061 -0.0241 -0.0413 -0.0097  0.0226  0.0489  0.0679  0.1381  0.1472  0.1579  0.1707  0.1801  0.1907  0.2018  0.2279  0.2598  0.3007  0.3568  0.4239  0.5098  0.6487  0.8064  1.0000  0.7969  0.6145  0.4699  0.3450  0.2589  0.1974  0.1232  0.0600  0.0338  0.0109  0.0047 -0.0017  0.0070  0.0162  0.0048 -0.0061 -0.0241 -0.0413 -0.0097  0.0226  0.0489  0.0679  0.1381  0.1472  0.1579  0.1707  0.1801  0.1907  0.2018  0.2279  0.2598  0.3007  0.3568  0.4239  0.5098  0.6487  0.8064  1.0000
