 The logarithm of the determinant of the hessian = 1.9833
 index   name       value      std dev       1       2       3       4       5       6       7       8       9      10      11      12      13      14      15      16      17      18      19      20      21      22      23      24      25      26      27      28      29      30      31      32      33      34      35      36      37      38      39      40      41      42      43      44      45      46      47      48      49      50      51      52      53      54      55      56      57      58      59      60      61      62      63      64      65      66      67      68      69      70      71      72      73      74      75      76      77   
     1   logSdLam -2.0901e+000 3.7096e-001   1.0000
     2   biom     1.0558e+001 1.7846e-001  -0.4934  1.0000
     3   biom     1.0478e+001 1.8534e-001  -0.3758  0.7928  1.0000
     4   biom     1.0397e+001 1.8379e-001  -0.2787  0.6280  0.7982  1.0000
     5   biom     1.0317e+001 1.7359e-001  -0.1890  0.4833  0.6224  0.7861  1.0000
     6   biom     1.0236e+001 1.8010e-001  -0.1031  0.3592  0.4747  0.6086  0.7819  1.0000
     7   biom     1.0154e+001 1.7755e-001  -0.0244  0.2563  0.3545  0.4661  0.6085  0.7862  1.0000
     8   biom     1.0073e+001 1.6552e-001   0.0598  0.1589  0.2439  0.3377  0.4546  0.5985  0.7697  1.0000
     9   biom     9.9955e+000 1.7009e-001   0.1321  0.0775  0.1521  0.2315  0.3278  0.4442  0.5807  0.7624  1.0000
    10   biom     9.9185e+000 1.6335e-001   0.2145  0.0004  0.0696  0.1399  0.2221  0.3187  0.4294  0.5744  0.7597  1.0000
    11   biom     9.8416e+000 1.4371e-001   0.3313 -0.0909 -0.0219  0.0441  0.1168  0.1987  0.2889  0.4035  0.5434  0.7228  1.0000
    12   biom     9.8118e+000 1.5678e-001   0.2909 -0.0926 -0.0373  0.0147  0.0710  0.1335  0.2014  0.2868  0.3893  0.5200  0.7215  1.0000
    13   biom     9.7820e+000 1.5288e-001   0.2852 -0.1044 -0.0558 -0.0112  0.0358  0.0870  0.1415  0.2089  0.2876  0.3871  0.5397  0.7349  1.0000
    14   biom     9.7522e+000 1.3050e-001   0.3187 -0.1334 -0.0861 -0.0440 -0.0014  0.0435  0.0897  0.1450  0.2061  0.2822  0.3977  0.5205  0.6937  1.0000
    15   biom     9.7656e+000 1.5835e-001   0.2139 -0.0889 -0.0569 -0.0284  0.0007  0.0313  0.0628  0.1007  0.1427  0.1952  0.2748  0.3609  0.4818  0.6953  1.0000
    16   biom     9.7790e+000 1.7111e-001   0.1529 -0.0628 -0.0396 -0.0189  0.0023  0.0247  0.0478  0.0758  0.1070  0.1460  0.2053  0.2709  0.3627  0.5243  0.7563  1.0000
    17   biom     9.7923e+000 1.7216e-001   0.1071 -0.0431 -0.0264 -0.0115  0.0039  0.0203  0.0374  0.0581  0.0814  0.1107  0.1553  0.2066  0.2778  0.4026  0.5836  0.7731  1.0000
    18   biom     9.8025e+000 1.7692e-001   0.0830 -0.0333 -0.0204 -0.0088  0.0031  0.0159  0.0292  0.0453  0.0634  0.0862  0.1210  0.1610  0.2165  0.3139  0.4551  0.6030  0.7800  1.0000
    19   biom     9.8126e+000 1.7097e-001   0.0639 -0.0256 -0.0156 -0.0067  0.0026  0.0124  0.0227  0.0352  0.0493  0.0670  0.0940  0.1252  0.1684  0.2442  0.3543  0.4695  0.6074  0.7787  1.0000
    20   biom     9.8227e+000 1.5307e-001   0.0469 -0.0187 -0.0113 -0.0047  0.0021  0.0094  0.0171  0.0263  0.0368  0.0500  0.0701  0.0936  0.1260  0.1828  0.2654  0.3518  0.4553  0.5837  0.7497  1.0000
    21   biom     9.8328e+000 1.1789e-001   0.0290 -0.0114 -0.0067 -0.0025  0.0018  0.0065  0.0114  0.0173  0.0241  0.0327  0.0458  0.0614  0.0829  0.1204  0.1754  0.2328  0.3014  0.3865  0.4965  0.6624  1.0000
    22   biom     9.8137e+000 1.4435e-001   0.1652 -0.0796 -0.0594 -0.0425 -0.0266 -0.0110  0.0036  0.0198  0.0347  0.0522  0.0777  0.0816  0.0944  0.1232  0.1427  0.1702  0.2070  0.2575  0.3245  0.4273  0.6390  1.0000
    23   biom     9.7947e+000 1.5222e-001   0.2908 -0.1422 -0.1075 -0.0787 -0.0518 -0.0259 -0.0019  0.0241  0.0471  0.0737  0.1118  0.1073  0.1149  0.1404  0.1348  0.1425  0.1592  0.1890  0.2309  0.2974  0.4373  0.7059  1.0000
    24   biom     9.8505e+000 1.5749e-001   0.1072 -0.0519 -0.0389 -0.0281 -0.0179 -0.0080  0.0013  0.0114  0.0207  0.0315  0.0471  0.0482  0.0545  0.0698  0.0772  0.0897  0.1072  0.1322  0.1656  0.2172  0.3238  0.5095  0.7156  1.0000
    25   biom     9.9064e+000 1.5227e-001  -0.0690  0.0347  0.0269  0.0205  0.0147  0.0093  0.0045 -0.0005 -0.0043 -0.0086 -0.0144 -0.0076 -0.0022  0.0041  0.0250  0.0431  0.0626  0.0844  0.1117  0.1519  0.2325  0.3484  0.4806  0.7157  1.0000
    26   biom     9.9137e+000 1.6302e-001  -0.0247  0.0127  0.0100  0.0079  0.0059  0.0042  0.0027  0.0012  0.0003 -0.0007 -0.0019  0.0020  0.0059  0.0114  0.0241  0.0358  0.0491  0.0646  0.0843  0.1136  0.1727  0.2619  0.3629  0.5319  0.7375  1.0000
    27   biom     9.9210e+000 1.6025e-001   0.0152 -0.0071 -0.0052 -0.0035 -0.0019 -0.0003  0.0012  0.0029  0.0046  0.0067  0.0097  0.0113  0.0140  0.0193  0.0252  0.0320  0.0404  0.0512  0.0653  0.0867  0.1304  0.2018  0.2818  0.4022  0.5503  0.7485  1.0000
    28   biom     9.9581e+000 1.6622e-001  -0.0775  0.0385  0.0295  0.0221  0.0154  0.0089  0.0031 -0.0031 -0.0083 -0.0140 -0.0221 -0.0174 -0.0148 -0.0138 -0.0001  0.0104  0.0208  0.0311  0.0433  0.0609  0.0953  0.1368  0.1856  0.2924  0.4192  0.5640  0.7492  1.0000
    29   biom     9.9953e+000 1.6062e-001  -0.1756  0.0868  0.0663  0.0493  0.0337  0.0188  0.0052 -0.0094 -0.0217 -0.0357 -0.0555 -0.0472 -0.0447 -0.0479 -0.0253 -0.0103  0.0028  0.0132  0.0245  0.0396  0.0671  0.0818  0.1031  0.2038  0.3186  0.4206  0.5530  0.7497  1.0000
    30   biom     9.9844e+000 1.5836e-001  -0.0745  0.0369  0.0282  0.0211  0.0145  0.0082  0.0025 -0.0036 -0.0087 -0.0146 -0.0227 -0.0188 -0.0172 -0.0177 -0.0068  0.0010  0.0082  0.0146  0.0220  0.0323  0.0520  0.0707  0.0938  0.1588  0.2348  0.3137  0.4152  0.5573  0.7393  1.0000
    31   biom     9.9736e+000 1.4256e-001   0.0322 -0.0158 -0.0119 -0.0088 -0.0058 -0.0030 -0.0003  0.0025  0.0050  0.0079  0.0121  0.0114  0.0121  0.0146  0.0135  0.0138  0.0151  0.0176  0.0213  0.0272  0.0398  0.0649  0.0923  0.1232  0.1627  0.2231  0.2994  0.3935  0.5157  0.7116  1.0000
    32   biom     1.0001e+001 1.3954e-001  -0.0442  0.0219  0.0167  0.0125  0.0085  0.0048  0.0014 -0.0022 -0.0053 -0.0088 -0.0137 -0.0114 -0.0106 -0.0111 -0.0049 -0.0007  0.0032  0.0066  0.0104  0.0156  0.0254  0.0336  0.0441  0.0775  0.1162  0.1548  0.2045  0.2752  0.3656  0.4934  0.6842  1.0000
    33   biom     1.0028e+001 1.1485e-001  -0.1474  0.0728  0.0554  0.0412  0.0280  0.0154  0.0038 -0.0086 -0.0191 -0.0312 -0.0482 -0.0420 -0.0408 -0.0451 -0.0287 -0.0187 -0.0108 -0.0059 -0.0012  0.0041  0.0123  0.0011 -0.0075  0.0353  0.0805  0.0992  0.1253  0.1803  0.2483  0.3155  0.4213  0.6267  1.0000
    34   biom     9.9910e+000 1.4211e-001   0.0509 -0.0251 -0.0191 -0.0141 -0.0095 -0.0052 -0.0011  0.0032  0.0069  0.0112  0.0173  0.0154  0.0153  0.0174  0.0127  0.0102  0.0086  0.0083  0.0085  0.0094  0.0121  0.0246  0.0374  0.0381  0.0414  0.0597  0.0822  0.1039  0.1331  0.1907  0.2738  0.3939  0.6173  1.0000
    35   biom     9.9541e+000 1.5195e-001   0.2066 -0.1019 -0.0776 -0.0576 -0.0390 -0.0212 -0.0050  0.0125  0.0274  0.0445  0.0687  0.0605  0.0595  0.0667  0.0454  0.0332  0.0243  0.0199  0.0168  0.0145  0.0133  0.0453  0.0756  0.0446  0.0166  0.0368  0.0591  0.0581  0.0613  0.1182  0.1936  0.2630  0.3988  0.6958  1.0000
    36   biom     9.9843e+000 1.6574e-001   0.0690 -0.0340 -0.0259 -0.0192 -0.0130 -0.0071 -0.0016  0.0042  0.0092  0.0149  0.0231  0.0204  0.0201  0.0226  0.0157  0.0118  0.0090  0.0078  0.0071  0.0068  0.0075  0.0198  0.0317  0.0242  0.0184  0.0298  0.0430  0.0503  0.0611  0.0952  0.1426  0.2013  0.3121  0.5180  0.7329  1.0000
    37   biom     1.0014e+001 1.6898e-001  -0.0504  0.0249  0.0190  0.0141  0.0096  0.0052  0.0013 -0.0030 -0.0066 -0.0107 -0.0166 -0.0144 -0.0141 -0.0156 -0.0101 -0.0068 -0.0042 -0.0026 -0.0012  0.0004  0.0027 -0.0019 -0.0058  0.0075  0.0212  0.0253  0.0313  0.0464  0.0648  0.0804  0.1056  0.1583  0.2536  0.3903  0.5384  0.7566  1.0000
    38   biom     1.0014e+001 2.0939e-001  -0.0407  0.0201  0.0153  0.0114  0.0077  0.0042  0.0010 -0.0024 -0.0053 -0.0086 -0.0134 -0.0117 -0.0114 -0.0126 -0.0081 -0.0055 -0.0034 -0.0021 -0.0009  0.0003  0.0022 -0.0016 -0.0046  0.0060  0.0171  0.0204  0.0253  0.0374  0.0523  0.0649  0.0852  0.1277  0.2046  0.3150  0.4345  0.6106  0.8070  1.0000
    39   biom     1.0014e+001 2.4317e-001  -0.0350  0.0173  0.0132  0.0098  0.0066  0.0036  0.0009 -0.0021 -0.0046 -0.0074 -0.0115 -0.0100 -0.0098 -0.0108 -0.0070 -0.0047 -0.0029 -0.0018 -0.0008  0.0003  0.0019 -0.0013 -0.0040  0.0052  0.0147  0.0176  0.0218  0.0322  0.0450  0.0559  0.0734  0.1100  0.1762  0.2712  0.3742  0.5258  0.6949  0.8611  1.0000
    40   biomsd   1.0558e+001 1.7846e-001  -0.4934  1.0000  0.7928  0.6280  0.4833  0.3592  0.2563  0.1589  0.0775  0.0004 -0.0909 -0.0926 -0.1044 -0.1334 -0.0889 -0.0628 -0.0431 -0.0333 -0.0256 -0.0187 -0.0114 -0.0796 -0.1422 -0.0519  0.0347  0.0127 -0.0071  0.0385  0.0868  0.0369 -0.0158  0.0219  0.0728 -0.0251 -0.1019 -0.0340  0.0249  0.0201  0.0173  1.0000
    41   biomsd   1.0478e+001 1.8534e-001  -0.3758  0.7928  1.0000  0.7982  0.6224  0.4747  0.3545  0.2439  0.1521  0.0696 -0.0219 -0.0373 -0.0558 -0.0861 -0.0569 -0.0396 -0.0264 -0.0204 -0.0156 -0.0113 -0.0067 -0.0594 -0.1075 -0.0389  0.0269  0.0100 -0.0052  0.0295  0.0663  0.0282 -0.0119  0.0167  0.0554 -0.0191 -0.0776 -0.0259  0.0190  0.0153  0.0132  0.7928  1.0000
    42   biomsd   1.0397e+001 1.8379e-001  -0.2787  0.6280  0.7982  1.0000  0.7861  0.6086  0.4661  0.3377  0.2315  0.1399  0.0441  0.0147 -0.0112 -0.0440 -0.0284 -0.0189 -0.0115 -0.0088 -0.0067 -0.0047 -0.0025 -0.0425 -0.0787 -0.0281  0.0205  0.0079 -0.0035  0.0221  0.0493  0.0211 -0.0088  0.0125  0.0412 -0.0141 -0.0576 -0.0192  0.0141  0.0114  0.0098  0.6280  0.7982  1.0000
    43   biomsd   1.0317e+001 1.7359e-001  -0.1890  0.4833  0.6224  0.7861  1.0000  0.7819  0.6085  0.4546  0.3278  0.2221  0.1168  0.0710  0.0358 -0.0014  0.0007  0.0023  0.0039  0.0031  0.0026  0.0021  0.0018 -0.0266 -0.0518 -0.0179  0.0147  0.0059 -0.0019  0.0154  0.0337  0.0145 -0.0058  0.0085  0.0280 -0.0095 -0.0390 -0.0130  0.0096  0.0077  0.0066  0.4833  0.6224  0.7861  1.0000
    44   biomsd   1.0236e+001 1.8010e-001  -0.1031  0.3592  0.4747  0.6086  0.7819  1.0000  0.7862  0.5985  0.4442  0.3187  0.1987  0.1335  0.0870  0.0435  0.0313  0.0247  0.0203  0.0159  0.0124  0.0094  0.0065 -0.0110 -0.0259 -0.0080  0.0093  0.0042 -0.0003  0.0089  0.0188  0.0082 -0.0030  0.0048  0.0154 -0.0052 -0.0212 -0.0071  0.0052  0.0042  0.0036  0.3592  0.4747  0.6086  0.7819  1.0000
    45   biomsd   1.0154e+001 1.7755e-001  -0.0244  0.2563  0.3545  0.4661  0.6085  0.7862  1.0000  0.7697  0.5807  0.4294  0.2889  0.2014  0.1415  0.0897  0.0628  0.0478  0.0374  0.0292  0.0227  0.0171  0.0114  0.0036 -0.0019  0.0013  0.0045  0.0027  0.0012  0.0031  0.0052  0.0025 -0.0003  0.0014  0.0038 -0.0011 -0.0050 -0.0016  0.0013  0.0010  0.0009  0.2563  0.3545  0.4661  0.6085  0.7862  1.0000
    46   biomsd   1.0073e+001 1.6552e-001   0.0598  0.1589  0.2439  0.3377  0.4546  0.5985  0.7697  1.0000  0.7624  0.5744  0.4035  0.2868  0.2089  0.1450  0.1007  0.0758  0.0581  0.0453  0.0352  0.0263  0.0173  0.0198  0.0241  0.0114 -0.0005  0.0012  0.0029 -0.0031 -0.0094 -0.0036  0.0025 -0.0022 -0.0086  0.0032  0.0125  0.0042 -0.0030 -0.0024 -0.0021  0.1589  0.2439  0.3377  0.4546  0.5985  0.7697  1.0000
    47   biomsd   9.9955e+000 1.7009e-001   0.1321  0.0775  0.1521  0.2315  0.3278  0.4442  0.5807  0.7624  1.0000  0.7597  0.5434  0.3893  0.2876  0.2061  0.1427  0.1070  0.0814  0.0634  0.0493  0.0368  0.0241  0.0347  0.0471  0.0207 -0.0043  0.0003  0.0046 -0.0083 -0.0217 -0.0087  0.0050 -0.0053 -0.0191  0.0069  0.0274  0.0092 -0.0066 -0.0053 -0.0046  0.0775  0.1521  0.2315  0.3278  0.4442  0.5807  0.7624  1.0000
    48   biomsd   9.9185e+000 1.6335e-001   0.2145  0.0004  0.0696  0.1399  0.2221  0.3187  0.4294  0.5744  0.7597  1.0000  0.7228  0.5200  0.3871  0.2822  0.1952  0.1460  0.1107  0.0862  0.0670  0.0500  0.0327  0.0522  0.0737  0.0315 -0.0086 -0.0007  0.0067 -0.0140 -0.0357 -0.0146  0.0079 -0.0088 -0.0312  0.0112  0.0445  0.0149 -0.0107 -0.0086 -0.0074  0.0004  0.0696  0.1399  0.2221  0.3187  0.4294  0.5744  0.7597  1.0000
    49   biomsd   9.8416e+000 1.4371e-001   0.3313 -0.0909 -0.0219  0.0441  0.1168  0.1987  0.2889  0.4035  0.5434  0.7228  1.0000  0.7215  0.5397  0.3977  0.2748  0.2053  0.1553  0.1210  0.0940  0.0701  0.0458  0.0777  0.1118  0.0471 -0.0144 -0.0019  0.0097 -0.0221 -0.0555 -0.0227  0.0121 -0.0137 -0.0482  0.0173  0.0687  0.0231 -0.0166 -0.0134 -0.0115 -0.0909 -0.0219  0.0441  0.1168  0.1987  0.2889  0.4035  0.5434  0.7228  1.0000
    50   biomsd   9.8118e+000 1.5678e-001   0.2909 -0.0926 -0.0373  0.0147  0.0710  0.1335  0.2014  0.2868  0.3893  0.5200  0.7215  1.0000  0.7349  0.5205  0.3609  0.2709  0.2066  0.1610  0.1252  0.0936  0.0614  0.0816  0.1073  0.0482 -0.0076  0.0020  0.0113 -0.0174 -0.0472 -0.0188  0.0114 -0.0114 -0.0420  0.0154  0.0605  0.0204 -0.0144 -0.0117 -0.0100 -0.0926 -0.0373  0.0147  0.0710  0.1335  0.2014  0.2868  0.3893  0.5200  0.7215  1.0000
    51   biomsd   9.7820e+000 1.5288e-001   0.2852 -0.1044 -0.0558 -0.0112  0.0358  0.0870  0.1415  0.2089  0.2876  0.3871  0.5397  0.7349  1.0000  0.6937  0.4818  0.3627  0.2778  0.2165  0.1684  0.1260  0.0829  0.0944  0.1149  0.0545 -0.0022  0.0059  0.0140 -0.0148 -0.0447 -0.0172  0.0121 -0.0106 -0.0408  0.0153  0.0595  0.0201 -0.0141 -0.0114 -0.0098 -0.1044 -0.0558 -0.0112  0.0358  0.0870  0.1415  0.2089  0.2876  0.3871  0.5397  0.7349  1.0000
    52   biomsd   9.7522e+000 1.3050e-001   0.3187 -0.1334 -0.0861 -0.0440 -0.0014  0.0435  0.0897  0.1450  0.2061  0.2822  0.3977  0.5205  0.6937  1.0000  0.6953  0.5243  0.4026  0.3139  0.2442  0.1828  0.1204  0.1232  0.1404  0.0698  0.0041  0.0114  0.0193 -0.0138 -0.0479 -0.0177  0.0146 -0.0111 -0.0451  0.0174  0.0667  0.0226 -0.0156 -0.0126 -0.0108 -0.1334 -0.0861 -0.0440 -0.0014  0.0435  0.0897  0.1450  0.2061  0.2822  0.3977  0.5205  0.6937  1.0000
    53   biomsd   9.7656e+000 1.5835e-001   0.2139 -0.0889 -0.0569 -0.0284  0.0007  0.0313  0.0628  0.1007  0.1427  0.1952  0.2748  0.3609  0.4818  0.6953  1.0000  0.7563  0.5836  0.4551  0.3543  0.2654  0.1754  0.1427  0.1348  0.0772  0.0250  0.0241  0.0252 -0.0001 -0.0253 -0.0068  0.0135 -0.0049 -0.0287  0.0127  0.0454  0.0157 -0.0101 -0.0081 -0.0070 -0.0889 -0.0569 -0.0284  0.0007  0.0313  0.0628  0.1007  0.1427  0.1952  0.2748  0.3609  0.4818  0.6953  1.0000
    54   biomsd   9.7790e+000 1.7111e-001   0.1529 -0.0628 -0.0396 -0.0189  0.0023  0.0247  0.0478  0.0758  0.1070  0.1460  0.2053  0.2709  0.3627  0.5243  0.7563  1.0000  0.7731  0.6030  0.4695  0.3518  0.2328  0.1702  0.1425  0.0897  0.0431  0.0358  0.0320  0.0104 -0.0103  0.0010  0.0138 -0.0007 -0.0187  0.0102  0.0332  0.0118 -0.0068 -0.0055 -0.0047 -0.0628 -0.0396 -0.0189  0.0023  0.0247  0.0478  0.0758  0.1070  0.1460  0.2053  0.2709  0.3627  0.5243  0.7563  1.0000
    55   biomsd   9.7923e+000 1.7216e-001   0.1071 -0.0431 -0.0264 -0.0115  0.0039  0.0203  0.0374  0.0581  0.0814  0.1107  0.1553  0.2066  0.2778  0.4026  0.5836  0.7731  1.0000  0.7800  0.6074  0.4553  0.3014  0.2070  0.1592  0.1072  0.0626  0.0491  0.0404  0.0208  0.0028  0.0082  0.0151  0.0032 -0.0108  0.0086  0.0243  0.0090 -0.0042 -0.0034 -0.0029 -0.0431 -0.0264 -0.0115  0.0039  0.0203  0.0374  0.0581  0.0814  0.1107  0.1553  0.2066  0.2778  0.4026  0.5836  0.7731  1.0000
    56   biomsd   9.8025e+000 1.7692e-001   0.0830 -0.0333 -0.0204 -0.0088  0.0031  0.0159  0.0292  0.0453  0.0634  0.0862  0.1210  0.1610  0.2165  0.3139  0.4551  0.6030  0.7800  1.0000  0.7787  0.5837  0.3865  0.2575  0.1890  0.1322  0.0844  0.0646  0.0512  0.0311  0.0132  0.0146  0.0176  0.0066 -0.0059  0.0083  0.0199  0.0078 -0.0026 -0.0021 -0.0018 -0.0333 -0.0204 -0.0088  0.0031  0.0159  0.0292  0.0453  0.0634  0.0862  0.1210  0.1610  0.2165  0.3139  0.4551  0.6030  0.7800  1.0000
    57   biomsd   9.8126e+000 1.7097e-001   0.0639 -0.0256 -0.0156 -0.0067  0.0026  0.0124  0.0227  0.0352  0.0493  0.0670  0.0940  0.1252  0.1684  0.2442  0.3543  0.4695  0.6074  0.7787  1.0000  0.7497  0.4965  0.3245  0.2309  0.1656  0.1117  0.0843  0.0653  0.0433  0.0245  0.0220  0.0213  0.0104 -0.0012  0.0085  0.0168  0.0071 -0.0012 -0.0009 -0.0008 -0.0256 -0.0156 -0.0067  0.0026  0.0124  0.0227  0.0352  0.0493  0.0670  0.0940  0.1252  0.1684  0.2442  0.3543  0.4695  0.6074  0.7787  1.0000
    58   biomsd   9.8227e+000 1.5307e-001   0.0469 -0.0187 -0.0113 -0.0047  0.0021  0.0094  0.0171  0.0263  0.0368  0.0500  0.0701  0.0936  0.1260  0.1828  0.2654  0.3518  0.4553  0.5837  0.7497  1.0000  0.6624  0.4273  0.2974  0.2172  0.1519  0.1136  0.0867  0.0609  0.0396  0.0323  0.0272  0.0156  0.0041  0.0094  0.0145  0.0068  0.0004  0.0003  0.0003 -0.0187 -0.0113 -0.0047  0.0021  0.0094  0.0171  0.0263  0.0368  0.0500  0.0701  0.0936  0.1260  0.1828  0.2654  0.3518  0.4553  0.5837  0.7497  1.0000
    59   biomsd   9.8328e+000 1.1789e-001   0.0290 -0.0114 -0.0067 -0.0025  0.0018  0.0065  0.0114  0.0173  0.0241  0.0327  0.0458  0.0614  0.0829  0.1204  0.1754  0.2328  0.3014  0.3865  0.4965  0.6624  1.0000  0.6390  0.4373  0.3238  0.2325  0.1727  0.1304  0.0953  0.0671  0.0520  0.0398  0.0254  0.0123  0.0121  0.0133  0.0075  0.0027  0.0022  0.0019 -0.0114 -0.0067 -0.0025  0.0018  0.0065  0.0114  0.0173  0.0241  0.0327  0.0458  0.0614  0.0829  0.1204  0.1754  0.2328  0.3014  0.3865  0.4965  0.6624  1.0000
    60   biomsd   9.8137e+000 1.4435e-001   0.1652 -0.0796 -0.0594 -0.0425 -0.0266 -0.0110  0.0036  0.0198  0.0347  0.0522  0.0777  0.0816  0.0944  0.1232  0.1427  0.1702  0.2070  0.2575  0.3245  0.4273  0.6390  1.0000  0.7059  0.5095  0.3484  0.2619  0.2018  0.1368  0.0818  0.0707  0.0649  0.0336  0.0011  0.0246  0.0453  0.0198 -0.0019 -0.0016 -0.0013 -0.0796 -0.0594 -0.0425 -0.0266 -0.0110  0.0036  0.0198  0.0347  0.0522  0.0777  0.0816  0.0944  0.1232  0.1427  0.1702  0.2070  0.2575  0.3245  0.4273  0.6390  1.0000
    61   biomsd   9.7947e+000 1.5222e-001   0.2908 -0.1422 -0.1075 -0.0787 -0.0518 -0.0259 -0.0019  0.0241  0.0471  0.0737  0.1118  0.1073  0.1149  0.1404  0.1348  0.1425  0.1592  0.1890  0.2309  0.2974  0.4373  0.7059  1.0000  0.7156  0.4806  0.3629  0.2818  0.1856  0.1031  0.0938  0.0923  0.0441 -0.0075  0.0374  0.0756  0.0317 -0.0058 -0.0046 -0.0040 -0.1422 -0.1075 -0.0787 -0.0518 -0.0259 -0.0019  0.0241  0.0471  0.0737  0.1118  0.1073  0.1149  0.1404  0.1348  0.1425  0.1592  0.1890  0.2309  0.2974  0.4373  0.7059  1.0000
    62   biomsd   9.8505e+000 1.5749e-001   0.1072 -0.0519 -0.0389 -0.0281 -0.0179 -0.0080  0.0013  0.0114  0.0207  0.0315  0.0471  0.0482  0.0545  0.0698  0.0772  0.0897  0.1072  0.1322  0.1656  0.2172  0.3238  0.5095  0.7156  1.0000  0.7157  0.5319  0.4022  0.2924  0.2038  0.1588  0.1232  0.0775  0.0353  0.0381  0.0446  0.0242  0.0075  0.0060  0.0052 -0.0519 -0.0389 -0.0281 -0.0179 -0.0080  0.0013  0.0114  0.0207  0.0315  0.0471  0.0482  0.0545  0.0698  0.0772  0.0897  0.1072  0.1322  0.1656  0.2172  0.3238  0.5095  0.7156  1.0000
    63   biomsd   9.9064e+000 1.5227e-001  -0.0690  0.0347  0.0269  0.0205  0.0147  0.0093  0.0045 -0.0005 -0.0043 -0.0086 -0.0144 -0.0076 -0.0022  0.0041  0.0250  0.0431  0.0626  0.0844  0.1117  0.1519  0.2325  0.3484  0.4806  0.7157  1.0000  0.7375  0.5503  0.4192  0.3186  0.2348  0.1627  0.1162  0.0805  0.0414  0.0166  0.0184  0.0212  0.0171  0.0147  0.0347  0.0269  0.0205  0.0147  0.0093  0.0045 -0.0005 -0.0043 -0.0086 -0.0144 -0.0076 -0.0022  0.0041  0.0250  0.0431  0.0626  0.0844  0.1117  0.1519  0.2325  0.3484  0.4806  0.7157  1.0000
    64   biomsd   9.9137e+000 1.6302e-001  -0.0247  0.0127  0.0100  0.0079  0.0059  0.0042  0.0027  0.0012  0.0003 -0.0007 -0.0019  0.0020  0.0059  0.0114  0.0241  0.0358  0.0491  0.0646  0.0843  0.1136  0.1727  0.2619  0.3629  0.5319  0.7375  1.0000  0.7485  0.5640  0.4206  0.3137  0.2231  0.1548  0.0992  0.0597  0.0368  0.0298  0.0253  0.0204  0.0176  0.0127  0.0100  0.0079  0.0059  0.0042  0.0027  0.0012  0.0003 -0.0007 -0.0019  0.0020  0.0059  0.0114  0.0241  0.0358  0.0491  0.0646  0.0843  0.1136  0.1727  0.2619  0.3629  0.5319  0.7375  1.0000
    65   biomsd   9.9210e+000 1.6025e-001   0.0152 -0.0071 -0.0052 -0.0035 -0.0019 -0.0003  0.0012  0.0029  0.0046  0.0067  0.0097  0.0113  0.0140  0.0193  0.0252  0.0320  0.0404  0.0512  0.0653  0.0867  0.1304  0.2018  0.2818  0.4022  0.5503  0.7485  1.0000  0.7492  0.5530  0.4152  0.2994  0.2045  0.1253  0.0822  0.0591  0.0430  0.0313  0.0253  0.0218 -0.0071 -0.0052 -0.0035 -0.0019 -0.0003  0.0012  0.0029  0.0046  0.0067  0.0097  0.0113  0.0140  0.0193  0.0252  0.0320  0.0404  0.0512  0.0653  0.0867  0.1304  0.2018  0.2818  0.4022  0.5503  0.7485  1.0000
    66   biomsd   9.9581e+000 1.6622e-001  -0.0775  0.0385  0.0295  0.0221  0.0154  0.0089  0.0031 -0.0031 -0.0083 -0.0140 -0.0221 -0.0174 -0.0148 -0.0138 -0.0001  0.0104  0.0208  0.0311  0.0433  0.0609  0.0953  0.1368  0.1856  0.2924  0.4192  0.5640  0.7492  1.0000  0.7497  0.5573  0.3935  0.2752  0.1803  0.1039  0.0581  0.0503  0.0464  0.0374  0.0322  0.0385  0.0295  0.0221  0.0154  0.0089  0.0031 -0.0031 -0.0083 -0.0140 -0.0221 -0.0174 -0.0148 -0.0138 -0.0001  0.0104  0.0208  0.0311  0.0433  0.0609  0.0953  0.1368  0.1856  0.2924  0.4192  0.5640  0.7492  1.0000
    67   biomsd   9.9953e+000 1.6062e-001  -0.1756  0.0868  0.0663  0.0493  0.0337  0.0188  0.0052 -0.0094 -0.0217 -0.0357 -0.0555 -0.0472 -0.0447 -0.0479 -0.0253 -0.0103  0.0028  0.0132  0.0245  0.0396  0.0671  0.0818  0.1031  0.2038  0.3186  0.4206  0.5530  0.7497  1.0000  0.7393  0.5157  0.3656  0.2483  0.1331  0.0613  0.0611  0.0648  0.0523  0.0450  0.0868  0.0663  0.0493  0.0337  0.0188  0.0052 -0.0094 -0.0217 -0.0357 -0.0555 -0.0472 -0.0447 -0.0479 -0.0253 -0.0103  0.0028  0.0132  0.0245  0.0396  0.0671  0.0818  0.1031  0.2038  0.3186  0.4206  0.5530  0.7497  1.0000
    68   biomsd   9.9844e+000 1.5836e-001  -0.0745  0.0369  0.0282  0.0211  0.0145  0.0082  0.0025 -0.0036 -0.0087 -0.0146 -0.0227 -0.0188 -0.0172 -0.0177 -0.0068  0.0010  0.0082  0.0146  0.0220  0.0323  0.0520  0.0707  0.0938  0.1588  0.2348  0.3137  0.4152  0.5573  0.7393  1.0000  0.7116  0.4934  0.3155  0.1907  0.1182  0.0952  0.0804  0.0649  0.0559  0.0369  0.0282  0.0211  0.0145  0.0082  0.0025 -0.0036 -0.0087 -0.0146 -0.0227 -0.0188 -0.0172 -0.0177 -0.0068  0.0010  0.0082  0.0146  0.0220  0.0323  0.0520  0.0707  0.0938  0.1588  0.2348  0.3137  0.4152  0.5573  0.7393  1.0000
    69   biomsd   9.9736e+000 1.4256e-001   0.0322 -0.0158 -0.0119 -0.0088 -0.0058 -0.0030 -0.0003  0.0025  0.0050  0.0079  0.0121  0.0114  0.0121  0.0146  0.0135  0.0138  0.0151  0.0176  0.0213  0.0272  0.0398  0.0649  0.0923  0.1232  0.1627  0.2231  0.2994  0.3935  0.5157  0.7116  1.0000  0.6842  0.4213  0.2738  0.1936  0.1426  0.1056  0.0852  0.0734 -0.0158 -0.0119 -0.0088 -0.0058 -0.0030 -0.0003  0.0025  0.0050  0.0079  0.0121  0.0114  0.0121  0.0146  0.0135  0.0138  0.0151  0.0176  0.0213  0.0272  0.0398  0.0649  0.0923  0.1232  0.1627  0.2231  0.2994  0.3935  0.5157  0.7116  1.0000
    70   biomsd   1.0001e+001 1.3954e-001  -0.0442  0.0219  0.0167  0.0125  0.0085  0.0048  0.0014 -0.0022 -0.0053 -0.0088 -0.0137 -0.0114 -0.0106 -0.0111 -0.0049 -0.0007  0.0032  0.0066  0.0104  0.0156  0.0254  0.0336  0.0441  0.0775  0.1162  0.1548  0.2045  0.2752  0.3656  0.4934  0.6842  1.0000  0.6267  0.3939  0.2630  0.2013  0.1583  0.1277  0.1100  0.0219  0.0167  0.0125  0.0085  0.0048  0.0014 -0.0022 -0.0053 -0.0088 -0.0137 -0.0114 -0.0106 -0.0111 -0.0049 -0.0007  0.0032  0.0066  0.0104  0.0156  0.0254  0.0336  0.0441  0.0775  0.1162  0.1548  0.2045  0.2752  0.3656  0.4934  0.6842  1.0000
    71   biomsd   1.0028e+001 1.1485e-001  -0.1474  0.0728  0.0554  0.0412  0.0280  0.0154  0.0038 -0.0086 -0.0191 -0.0312 -0.0482 -0.0420 -0.0408 -0.0451 -0.0287 -0.0187 -0.0108 -0.0059 -0.0012  0.0041  0.0123  0.0011 -0.0075  0.0353  0.0805  0.0992  0.1253  0.1803  0.2483  0.3155  0.4213  0.6267  1.0000  0.6173  0.3988  0.3121  0.2536  0.2046  0.1762  0.0728  0.0554  0.0412  0.0280  0.0154  0.0038 -0.0086 -0.0191 -0.0312 -0.0482 -0.0420 -0.0408 -0.0451 -0.0287 -0.0187 -0.0108 -0.0059 -0.0012  0.0041  0.0123  0.0011 -0.0075  0.0353  0.0805  0.0992  0.1253  0.1803  0.2483  0.3155  0.4213  0.6267  1.0000
    72   biomsd   9.9910e+000 1.4211e-001   0.0509 -0.0251 -0.0191 -0.0141 -0.0095 -0.0052 -0.0011  0.0032  0.0069  0.0112  0.0173  0.0154  0.0153  0.0174  0.0127  0.0102  0.0086  0.0083  0.0085  0.0094  0.0121  0.0246  0.0374  0.0381  0.0414  0.0597  0.0822  0.1039  0.1331  0.1907  0.2738  0.3939  0.6173  1.0000  0.6958  0.5180  0.3903  0.3150  0.2712 -0.0251 -0.0191 -0.0141 -0.0095 -0.0052 -0.0011  0.0032  0.0069  0.0112  0.0173  0.0154  0.0153  0.0174  0.0127  0.0102  0.0086  0.0083  0.0085  0.0094  0.0121  0.0246  0.0374  0.0381  0.0414  0.0597  0.0822  0.1039  0.1331  0.1907  0.2738  0.3939  0.6173  1.0000
    73   biomsd   9.9541e+000 1.5195e-001   0.2066 -0.1019 -0.0776 -0.0576 -0.0390 -0.0212 -0.0050  0.0125  0.0274  0.0445  0.0687  0.0605  0.0595  0.0667  0.0454  0.0332  0.0243  0.0199  0.0168  0.0145  0.0133  0.0453  0.0756  0.0446  0.0166  0.0368  0.0591  0.0581  0.0613  0.1182  0.1936  0.2630  0.3988  0.6958  1.0000  0.7329  0.5384  0.4345  0.3742 -0.1019 -0.0776 -0.0576 -0.0390 -0.0212 -0.0050  0.0125  0.0274  0.0445  0.0687  0.0605  0.0595  0.0667  0.0454  0.0332  0.0243  0.0199  0.0168  0.0145  0.0133  0.0453  0.0756  0.0446  0.0166  0.0368  0.0591  0.0581  0.0613  0.1182  0.1936  0.2630  0.3988  0.6958  1.0000
    74   biomsd   9.9843e+000 1.6574e-001   0.0690 -0.0340 -0.0259 -0.0192 -0.0130 -0.0071 -0.0016  0.0042  0.0092  0.0149  0.0231  0.0204  0.0201  0.0226  0.0157  0.0118  0.0090  0.0078  0.0071  0.0068  0.0075  0.0198  0.0317  0.0242  0.0184  0.0298  0.0430  0.0503  0.0611  0.0952  0.1426  0.2013  0.3121  0.5180  0.7329  1.0000  0.7566  0.6106  0.5258 -0.0340 -0.0259 -0.0192 -0.0130 -0.0071 -0.0016  0.0042  0.0092  0.0149  0.0231  0.0204  0.0201  0.0226  0.0157  0.0118  0.0090  0.0078  0.0071  0.0068  0.0075  0.0198  0.0317  0.0242  0.0184  0.0298  0.0430  0.0503  0.0611  0.0952  0.1426  0.2013  0.3121  0.5180  0.7329  1.0000
    75   biomsd   1.0014e+001 1.6898e-001  -0.0504  0.0249  0.0190  0.0141  0.0096  0.0052  0.0013 -0.0030 -0.0066 -0.0107 -0.0166 -0.0144 -0.0141 -0.0156 -0.0101 -0.0068 -0.0042 -0.0026 -0.0012  0.0004  0.0027 -0.0019 -0.0058  0.0075  0.0212  0.0253  0.0313  0.0464  0.0648  0.0804  0.1056  0.1583  0.2536  0.3903  0.5384  0.7566  1.0000  0.8070  0.6949  0.0249  0.0190  0.0141  0.0096  0.0052  0.0013 -0.0030 -0.0066 -0.0107 -0.0166 -0.0144 -0.0141 -0.0156 -0.0101 -0.0068 -0.0042 -0.0026 -0.0012  0.0004  0.0027 -0.0019 -0.0058  0.0075  0.0212  0.0253  0.0313  0.0464  0.0648  0.0804  0.1056  0.1583  0.2536  0.3903  0.5384  0.7566  1.0000
    76   biomsd   1.0014e+001 2.0939e-001  -0.0407  0.0201  0.0153  0.0114  0.0077  0.0042  0.0010 -0.0024 -0.0053 -0.0086 -0.0134 -0.0117 -0.0114 -0.0126 -0.0081 -0.0055 -0.0034 -0.0021 -0.0009  0.0003  0.0022 -0.0016 -0.0046  0.0060  0.0171  0.0204  0.0253  0.0374  0.0523  0.0649  0.0852  0.1277  0.2046  0.3150  0.4345  0.6106  0.8070  1.0000  0.8611  0.0201  0.0153  0.0114  0.0077  0.0042  0.0010 -0.0024 -0.0053 -0.0086 -0.0134 -0.0117 -0.0114 -0.0126 -0.0081 -0.0055 -0.0034 -0.0021 -0.0009  0.0003  0.0022 -0.0016 -0.0046  0.0060  0.0171  0.0204  0.0253  0.0374  0.0523  0.0649  0.0852  0.1277  0.2046  0.3150  0.4345  0.6106  0.8070  1.0000
    77   biomsd   1.0014e+001 2.4317e-001  -0.0350  0.0173  0.0132  0.0098  0.0066  0.0036  0.0009 -0.0021 -0.0046 -0.0074 -0.0115 -0.0100 -0.0098 -0.0108 -0.0070 -0.0047 -0.0029 -0.0018 -0.0008  0.0003  0.0019 -0.0013 -0.0040  0.0052  0.0147  0.0176  0.0218  0.0322  0.0450  0.0559  0.0734  0.1100  0.1762  0.2712  0.3742  0.5258  0.6949  0.8611  1.0000  0.0173  0.0132  0.0098  0.0066  0.0036  0.0009 -0.0021 -0.0046 -0.0074 -0.0115 -0.0100 -0.0098 -0.0108 -0.0070 -0.0047 -0.0029 -0.0018 -0.0008  0.0003  0.0019 -0.0013 -0.0040  0.0052  0.0147  0.0176  0.0218  0.0322  0.0450  0.0559  0.0734  0.1100  0.1762  0.2712  0.3742  0.5258  0.6949  0.8611  1.0000
    78   biomA    3.8495e+004 6.8698e+003  -0.4934  1.0000  0.7928  0.6280  0.4833  0.3592  0.2563  0.1589  0.0775  0.0004 -0.0909 -0.0926 -0.1044 -0.1334 -0.0889 -0.0628 -0.0431 -0.0333 -0.0256 -0.0187 -0.0114 -0.0796 -0.1422 -0.0519  0.0347  0.0127 -0.0071  0.0385  0.0868  0.0369 -0.0158  0.0219  0.0728 -0.0251 -0.1019 -0.0340  0.0249  0.0201  0.0173  1.0000  0.7928  0.6280  0.4833  0.3592  0.2563  0.1589  0.0775  0.0004 -0.0909 -0.0926 -0.1044 -0.1334 -0.0889 -0.0628 -0.0431 -0.0333 -0.0256 -0.0187 -0.0114 -0.0796 -0.1422 -0.0519  0.0347  0.0127 -0.0071  0.0385  0.0868  0.0369 -0.0158  0.0219  0.0728 -0.0251 -0.1019 -0.0340  0.0249  0.0201  0.0173  1.0000
    79   biomA    3.5520e+004 6.5832e+003  -0.3758  0.7928  1.0000  0.7982  0.6224  0.4747  0.3545  0.2439  0.1521  0.0696 -0.0219 -0.0373 -0.0558 -0.0861 -0.0569 -0.0396 -0.0264 -0.0204 -0.0156 -0.0113 -0.0067 -0.0594 -0.1075 -0.0389  0.0269  0.0100 -0.0052  0.0295  0.0663  0.0282 -0.0119  0.0167  0.0554 -0.0191 -0.0776 -0.0259  0.0190  0.0153  0.0132  0.7928  1.0000  0.7982  0.6224  0.4747  0.3545  0.2439  0.1521  0.0696 -0.0219 -0.0373 -0.0558 -0.0861 -0.0569 -0.0396 -0.0264 -0.0204 -0.0156 -0.0113 -0.0067 -0.0594 -0.1075 -0.0389  0.0269  0.0100 -0.0052  0.0295  0.0663  0.0282 -0.0119  0.0167  0.0554 -0.0191 -0.0776 -0.0259  0.0190  0.0153  0.0132  0.7928  1.0000
    80   biomA    3.2776e+004 6.0239e+003  -0.2787  0.6280  0.7982  1.0000  0.7861  0.6086  0.4661  0.3377  0.2315  0.1399  0.0441  0.0147 -0.0112 -0.0440 -0.0284 -0.0189 -0.0115 -0.0088 -0.0067 -0.0047 -0.0025 -0.0425 -0.0787 -0.0281  0.0205  0.0079 -0.0035  0.0221  0.0493  0.0211 -0.0088  0.0125  0.0412 -0.0141 -0.0576 -0.0192  0.0141  0.0114  0.0098  0.6280  0.7982  1.0000  0.7861  0.6086  0.4661  0.3377  0.2315  0.1399  0.0441  0.0147 -0.0112 -0.0440 -0.0284 -0.0189 -0.0115 -0.0088 -0.0067 -0.0047 -0.0025 -0.0425 -0.0787 -0.0281  0.0205  0.0079 -0.0035  0.0221  0.0493  0.0211 -0.0088  0.0125  0.0412 -0.0141 -0.0576 -0.0192  0.0141  0.0114  0.0098  0.6280  0.7982  1.0000
    81   biomA    3.0243e+004 5.2501e+003  -0.1890  0.4833  0.6224  0.7861  1.0000  0.7819  0.6085  0.4546  0.3278  0.2221  0.1168  0.0710  0.0358 -0.0014  0.0007  0.0023  0.0039  0.0031  0.0026  0.0021  0.0018 -0.0266 -0.0518 -0.0179  0.0147  0.0059 -0.0019  0.0154  0.0337  0.0145 -0.0058  0.0085  0.0280 -0.0095 -0.0390 -0.0130  0.0096  0.0077  0.0066  0.4833  0.6224  0.7861  1.0000  0.7819  0.6085  0.4546  0.3278  0.2221  0.1168  0.0710  0.0358 -0.0014  0.0007  0.0023  0.0039  0.0031  0.0026  0.0021  0.0018 -0.0266 -0.0518 -0.0179  0.0147  0.0059 -0.0019  0.0154  0.0337  0.0145 -0.0058  0.0085  0.0280 -0.0095 -0.0390 -0.0130  0.0096  0.0077  0.0066  0.4833  0.6224  0.7861  1.0000
    82   biomA    2.7876e+004 5.0205e+003  -0.1031  0.3592  0.4747  0.6086  0.7819  1.0000  0.7862  0.5985  0.4442  0.3187  0.1987  0.1335  0.0870  0.0435  0.0313  0.0247  0.0203  0.0159  0.0124  0.0094  0.0065 -0.0110 -0.0259 -0.0080  0.0093  0.0042 -0.0003  0.0089  0.0188  0.0082 -0.0030  0.0048  0.0154 -0.0052 -0.0212 -0.0071  0.0052  0.0042  0.0036  0.3592  0.4747  0.6086  0.7819  1.0000  0.7862  0.5985  0.4442  0.3187  0.1987  0.1335  0.0870  0.0435  0.0313  0.0247  0.0203  0.0159  0.0124  0.0094  0.0065 -0.0110 -0.0259 -0.0080  0.0093  0.0042 -0.0003  0.0089  0.0188  0.0082 -0.0030  0.0048  0.0154 -0.0052 -0.0212 -0.0071  0.0052  0.0042  0.0036  0.3592  0.4747  0.6086  0.7819  1.0000
    83   biomA    2.5695e+004 4.5620e+003  -0.0244  0.2563  0.3545  0.4661  0.6085  0.7862  1.0000  0.7697  0.5807  0.4294  0.2889  0.2014  0.1415  0.0897  0.0628  0.0478  0.0374  0.0292  0.0227  0.0171  0.0114  0.0036 -0.0019  0.0013  0.0045  0.0027  0.0012  0.0031  0.0052  0.0025 -0.0003  0.0014  0.0038 -0.0011 -0.0050 -0.0016  0.0013  0.0010  0.0009  0.2563  0.3545  0.4661  0.6085  0.7862  1.0000  0.7697  0.5807  0.4294  0.2889  0.2014  0.1415  0.0897  0.0628  0.0478  0.0374  0.0292  0.0227  0.0171  0.0114  0.0036 -0.0019  0.0013  0.0045  0.0027  0.0012  0.0031  0.0052  0.0025 -0.0003  0.0014  0.0038 -0.0011 -0.0050 -0.0016  0.0013  0.0010  0.0009  0.2563  0.3545  0.4661  0.6085  0.7862  1.0000
    84   biomA    2.3684e+004 3.9201e+003   0.0598  0.1589  0.2439  0.3377  0.4546  0.5985  0.7697  1.0000  0.7624  0.5744  0.4035  0.2868  0.2089  0.1450  0.1007  0.0758  0.0581  0.0453  0.0352  0.0263  0.0173  0.0198  0.0241  0.0114 -0.0005  0.0012  0.0029 -0.0031 -0.0094 -0.0036  0.0025 -0.0022 -0.0086  0.0032  0.0125  0.0042 -0.0030 -0.0024 -0.0021  0.1589  0.2439  0.3377  0.4546  0.5985  0.7697  1.0000  0.7624  0.5744  0.4035  0.2868  0.2089  0.1450  0.1007  0.0758  0.0581  0.0453  0.0352  0.0263  0.0173  0.0198  0.0241  0.0114 -0.0005  0.0012  0.0029 -0.0031 -0.0094 -0.0036  0.0025 -0.0022 -0.0086  0.0032  0.0125  0.0042 -0.0030 -0.0024 -0.0021  0.1589  0.2439  0.3377  0.4546  0.5985  0.7697  1.0000
    85   biomA    2.1928e+004 3.7298e+003   0.1321  0.0775  0.1521  0.2315  0.3278  0.4442  0.5807  0.7624  1.0000  0.7597  0.5434  0.3893  0.2876  0.2061  0.1427  0.1070  0.0814  0.0634  0.0493  0.0368  0.0241  0.0347  0.0471  0.0207 -0.0043  0.0003  0.0046 -0.0083 -0.0217 -0.0087  0.0050 -0.0053 -0.0191  0.0069  0.0274  0.0092 -0.0066 -0.0053 -0.0046  0.0775  0.1521  0.2315  0.3278  0.4442  0.5807  0.7624  1.0000  0.7597  0.5434  0.3893  0.2876  0.2061  0.1427  0.1070  0.0814  0.0634  0.0493  0.0368  0.0241  0.0347  0.0471  0.0207 -0.0043  0.0003  0.0046 -0.0083 -0.0217 -0.0087  0.0050 -0.0053 -0.0191  0.0069  0.0274  0.0092 -0.0066 -0.0053 -0.0046  0.0775  0.1521  0.2315  0.3278  0.4442  0.5807  0.7624  1.0000
    86   biomA    2.0303e+004 3.3165e+003   0.2145  0.0004  0.0696  0.1399  0.2221  0.3187  0.4294  0.5744  0.7597  1.0000  0.7228  0.5200  0.3871  0.2822  0.1952  0.1460  0.1107  0.0862  0.0670  0.0500  0.0327  0.0522  0.0737  0.0315 -0.0086 -0.0007  0.0067 -0.0140 -0.0357 -0.0146  0.0079 -0.0088 -0.0312  0.0112  0.0445  0.0149 -0.0107 -0.0086 -0.0074  0.0004  0.0696  0.1399  0.2221  0.3187  0.4294  0.5744  0.7597  1.0000  0.7228  0.5200  0.3871  0.2822  0.1952  0.1460  0.1107  0.0862  0.0670  0.0500  0.0327  0.0522  0.0737  0.0315 -0.0086 -0.0007  0.0067 -0.0140 -0.0357 -0.0146  0.0079 -0.0088 -0.0312  0.0112  0.0445  0.0149 -0.0107 -0.0086 -0.0074  0.0004  0.0696  0.1399  0.2221  0.3187  0.4294  0.5744  0.7597  1.0000
    87   biomA    1.8799e+004 2.7016e+003   0.3313 -0.0909 -0.0219  0.0441  0.1168  0.1987  0.2889  0.4035  0.5434  0.7228  1.0000  0.7215  0.5397  0.3977  0.2748  0.2053  0.1553  0.1210  0.0940  0.0701  0.0458  0.0777  0.1118  0.0471 -0.0144 -0.0019  0.0097 -0.0221 -0.0555 -0.0227  0.0121 -0.0137 -0.0482  0.0173  0.0687  0.0231 -0.0166 -0.0134 -0.0115 -0.0909 -0.0219  0.0441  0.1168  0.1987  0.2889  0.4035  0.5434  0.7228  1.0000  0.7215  0.5397  0.3977  0.2748  0.2053  0.1553  0.1210  0.0940  0.0701  0.0458  0.0777  0.1118  0.0471 -0.0144 -0.0019  0.0097 -0.0221 -0.0555 -0.0227  0.0121 -0.0137 -0.0482  0.0173  0.0687  0.0231 -0.0166 -0.0134 -0.0115 -0.0909 -0.0219  0.0441  0.1168  0.1987  0.2889  0.4035  0.5434  0.7228  1.0000
    88   biomA    1.8247e+004 2.8608e+003   0.2909 -0.0926 -0.0373  0.0147  0.0710  0.1335  0.2014  0.2868  0.3893  0.5200  0.7215  1.0000  0.7349  0.5205  0.3609  0.2709  0.2066  0.1610  0.1252  0.0936  0.0614  0.0816  0.1073  0.0482 -0.0076  0.0020  0.0113 -0.0174 -0.0472 -0.0188  0.0114 -0.0114 -0.0420  0.0154  0.0605  0.0204 -0.0144 -0.0117 -0.0100 -0.0926 -0.0373  0.0147  0.0710  0.1335  0.2014  0.2868  0.3893  0.5200  0.7215  1.0000  0.7349  0.5205  0.3609  0.2709  0.2066  0.1610  0.1252  0.0936  0.0614  0.0816  0.1073  0.0482 -0.0076  0.0020  0.0113 -0.0174 -0.0472 -0.0188  0.0114 -0.0114 -0.0420  0.0154  0.0605  0.0204 -0.0144 -0.0117 -0.0100 -0.0926 -0.0373  0.0147  0.0710  0.1335  0.2014  0.2868  0.3893  0.5200  0.7215  1.0000
    89   biomA    1.7712e+004 2.7078e+003   0.2852 -0.1044 -0.0558 -0.0112  0.0358  0.0870  0.1415  0.2089  0.2876  0.3871  0.5397  0.7349  1.0000  0.6937  0.4818  0.3627  0.2778  0.2165  0.1684  0.1260  0.0829  0.0944  0.1149  0.0545 -0.0022  0.0059  0.0140 -0.0148 -0.0447 -0.0172  0.0121 -0.0106 -0.0408  0.0153  0.0595  0.0201 -0.0141 -0.0114 -0.0098 -0.1044 -0.0558 -0.0112  0.0358  0.0870  0.1415  0.2089  0.2876  0.3871  0.5397  0.7349  1.0000  0.6937  0.4818  0.3627  0.2778  0.2165  0.1684  0.1260  0.0829  0.0944  0.1149  0.0545 -0.0022  0.0059  0.0140 -0.0148 -0.0447 -0.0172  0.0121 -0.0106 -0.0408  0.0153  0.0595  0.0201 -0.0141 -0.0114 -0.0098 -0.1044 -0.0558 -0.0112  0.0358  0.0870  0.1415  0.2089  0.2876  0.3871  0.5397  0.7349  1.0000
    90   biomA    1.7192e+004 2.2436e+003   0.3187 -0.1334 -0.0861 -0.0440 -0.0014  0.0435  0.0897  0.1450  0.2061  0.2822  0.3977  0.5205  0.6937  1.0000  0.6953  0.5243  0.4026  0.3139  0.2442  0.1828  0.1204  0.1232  0.1404  0.0698  0.0041  0.0114  0.0193 -0.0138 -0.0479 -0.0177  0.0146 -0.0111 -0.0451  0.0174  0.0667  0.0226 -0.0156 -0.0126 -0.0108 -0.1334 -0.0861 -0.0440 -0.0014  0.0435  0.0897  0.1450  0.2061  0.2822  0.3977  0.5205  0.6937  1.0000  0.6953  0.5243  0.4026  0.3139  0.2442  0.1828  0.1204  0.1232  0.1404  0.0698  0.0041  0.0114  0.0193 -0.0138 -0.0479 -0.0177  0.0146 -0.0111 -0.0451  0.0174  0.0667  0.0226 -0.0156 -0.0126 -0.0108 -0.1334 -0.0861 -0.0440 -0.0014  0.0435  0.0897  0.1450  0.2061  0.2822  0.3977  0.5205  0.6937  1.0000
    91   biomA    1.7424e+004 2.7591e+003   0.2139 -0.0889 -0.0569 -0.0284  0.0007  0.0313  0.0628  0.1007  0.1427  0.1952  0.2748  0.3609  0.4818  0.6953  1.0000  0.7563  0.5836  0.4551  0.3543  0.2654  0.1754  0.1427  0.1348  0.0772  0.0250  0.0241  0.0252 -0.0001 -0.0253 -0.0068  0.0135 -0.0049 -0.0287  0.0127  0.0454  0.0157 -0.0101 -0.0081 -0.0070 -0.0889 -0.0569 -0.0284  0.0007  0.0313  0.0628  0.1007  0.1427  0.1952  0.2748  0.3609  0.4818  0.6953  1.0000  0.7563  0.5836  0.4551  0.3543  0.2654  0.1754  0.1427  0.1348  0.0772  0.0250  0.0241  0.0252 -0.0001 -0.0253 -0.0068  0.0135 -0.0049 -0.0287  0.0127  0.0454  0.0157 -0.0101 -0.0081 -0.0070 -0.0889 -0.0569 -0.0284  0.0007  0.0313  0.0628  0.1007  0.1427  0.1952  0.2748  0.3609  0.4818  0.6953  1.0000
    92   biomA    1.7658e+004 3.0215e+003   0.1529 -0.0628 -0.0396 -0.0189  0.0023  0.0247  0.0478  0.0758  0.1070  0.1460  0.2053  0.2709  0.3627  0.5243  0.7563  1.0000  0.7731  0.6030  0.4695  0.3518  0.2328  0.1702  0.1425  0.0897  0.0431  0.0358  0.0320  0.0104 -0.0103  0.0010  0.0138 -0.0007 -0.0187  0.0102  0.0332  0.0118 -0.0068 -0.0055 -0.0047 -0.0628 -0.0396 -0.0189  0.0023  0.0247  0.0478  0.0758  0.1070  0.1460  0.2053  0.2709  0.3627  0.5243  0.7563  1.0000  0.7731  0.6030  0.4695  0.3518  0.2328  0.1702  0.1425  0.0897  0.0431  0.0358  0.0320  0.0104 -0.0103  0.0010  0.0138 -0.0007 -0.0187  0.0102  0.0332  0.0118 -0.0068 -0.0055 -0.0047 -0.0628 -0.0396 -0.0189  0.0023  0.0247  0.0478  0.0758  0.1070  0.1460  0.2053  0.2709  0.3627  0.5243  0.7563  1.0000
    93   biomA    1.7896e+004 3.0809e+003   0.1071 -0.0431 -0.0264 -0.0115  0.0039  0.0203  0.0374  0.0581  0.0814  0.1107  0.1553  0.2066  0.2778  0.4026  0.5836  0.7731  1.0000  0.7800  0.6074  0.4553  0.3014  0.2070  0.1592  0.1072  0.0626  0.0491  0.0404  0.0208  0.0028  0.0082  0.0151  0.0032 -0.0108  0.0086  0.0243  0.0090 -0.0042 -0.0034 -0.0029 -0.0431 -0.0264 -0.0115  0.0039  0.0203  0.0374  0.0581  0.0814  0.1107  0.1553  0.2066  0.2778  0.4026  0.5836  0.7731  1.0000  0.7800  0.6074  0.4553  0.3014  0.2070  0.1592  0.1072  0.0626  0.0491  0.0404  0.0208  0.0028  0.0082  0.0151  0.0032 -0.0108  0.0086  0.0243  0.0090 -0.0042 -0.0034 -0.0029 -0.0431 -0.0264 -0.0115  0.0039  0.0203  0.0374  0.0581  0.0814  0.1107  0.1553  0.2066  0.2778  0.4026  0.5836  0.7731  1.0000
