 The logarithm of the determinant of the hessian = 1.16771
 index   name       value      std dev       1       2       3       4       5       6       7       8       9      10      11      12      13      14      15      16      17      18      19      20      21      22      23      24      25      26      27      28      29      30      31      32      33      34      35      36      37      38      39      40      41      42      43      44      45      46      47      48      49      50      51      52      53      54      55      56      57      58      59      60      61      62      63      64      65      66      67      68      69      70      71      72      73      74      75      76      77   
     1   logSdLam -2.5958e+000 5.5774e-001   1.0000
     2   biom     1.1866e+001 1.1478e-001  -0.3436  1.0000
     3   biom     1.1837e+001 1.1021e-001  -0.1555  0.7870  1.0000
     4   biom     1.1807e+001 1.0401e-001   0.0497  0.5644  0.7657  1.0000
     5   biom     1.1777e+001 9.5843e-002   0.2866  0.3199  0.5120  0.7320  1.0000
     6   biom     1.1792e+001 1.0130e-001   0.0862  0.2941  0.4172  0.5596  0.7348  1.0000
     7   biom     1.1807e+001 1.0284e-001  -0.0973  0.2813  0.3448  0.4203  0.5158  0.7516  1.0000
     8   biom     1.1822e+001 1.0061e-001  -0.2857  0.2789  0.2848  0.2958  0.3145  0.5294  0.7500  1.0000
     9   biom     1.1799e+001 1.0478e-001  -0.1134  0.1815  0.2072  0.2388  0.2801  0.4272  0.5806  0.7566  1.0000
    10   biom     1.1777e+001 1.0494e-001   0.0475  0.0950  0.1407  0.1934  0.2579  0.3455  0.4403  0.5523  0.7659  1.0000
    11   biom     1.1754e+001 1.0109e-001   0.2162  0.0092  0.0774  0.1539  0.2450  0.2745  0.3124  0.3623  0.5535  0.7580  1.0000
    12   biom     1.1749e+001 1.0355e-001   0.2142 -0.0102  0.0510  0.1194  0.2005  0.2129  0.2326  0.2610  0.4149  0.5784  0.7707  1.0000
    13   biom     1.1745e+001 9.8580e-002   0.2283 -0.0308  0.0279  0.0931  0.1699  0.1657  0.1682  0.1769  0.3041  0.4377  0.5936  0.7657  1.0000
    14   biom     1.1740e+001 8.4888e-002   0.2689 -0.0591  0.0025  0.0705  0.1501  0.1253  0.1069  0.0924  0.2002  0.3112  0.4386  0.5587  0.7240  1.0000
    15   biom     1.1746e+001 9.5599e-002   0.2318 -0.0561 -0.0048  0.0518  0.1180  0.0921  0.0714  0.0533  0.1366  0.2217  0.3187  0.4034  0.5207  0.7173  1.0000
    16   biom     1.1751e+001 9.6725e-002   0.2221 -0.0591 -0.0116  0.0406  0.1015  0.0720  0.0473  0.0242  0.0943  0.1651  0.2451  0.3072  0.3940  0.5403  0.7458  1.0000
    17   biom     1.1757e+001 8.8633e-002   0.2349 -0.0684 -0.0202  0.0328  0.0943  0.0579  0.0263 -0.0046  0.0585  0.1213  0.1912  0.2353  0.2982  0.4056  0.5491  0.7295  1.0000
    18   biom     1.1740e+001 1.0305e-001   0.4962 -0.1628 -0.0669  0.0379  0.1591  0.0664 -0.0175 -0.1026 -0.0028  0.0927  0.1954  0.2223  0.2667  0.3482  0.4253  0.5352  0.7093  1.0000
    19   biom     1.1722e+001 1.1532e-001   0.7063 -0.2383 -0.1040  0.0425  0.2119  0.0742 -0.0514 -0.1798 -0.0501  0.0724  0.2022  0.2165  0.2475  0.3107  0.3381  0.3957  0.4990  0.7741  1.0000
    20   biom     1.1806e+001 8.6052e-002   0.2490 -0.0816 -0.0334  0.0192  0.0801  0.0337 -0.0083 -0.0509 -0.0007  0.0475  0.0993  0.1133  0.1361  0.1779  0.2180  0.2748  0.3646  0.5129  0.6364  1.0000
    21   biom     1.1890e+001 8.0848e-002  -0.4773  0.1663  0.0773 -0.0198 -0.1318 -0.0341  0.0556  0.1480  0.0700 -0.0021 -0.0770 -0.0677 -0.0633 -0.0644 -0.0182  0.0205  0.0643 -0.0124 -0.0717  0.4217  1.0000
    22   biom     1.1892e+001 8.2009e-002  -0.3323  0.1157  0.0537 -0.0139 -0.0919 -0.0240  0.0384  0.1027  0.0482 -0.0022 -0.0545 -0.0484 -0.0457 -0.0472 -0.0161  0.0096  0.0384 -0.0169 -0.0596  0.2739  0.6681  1.0000
    23   biom     1.1894e+001 6.7803e-002  -0.2348  0.0816  0.0377 -0.0101 -0.0653 -0.0174  0.0266  0.0718  0.0330 -0.0029 -0.0402 -0.0364 -0.0352 -0.0373 -0.0171 -0.0011  0.0161 -0.0259 -0.0587  0.1597  0.4238  0.6223  1.0000
    24   biom     1.1916e+001 8.6365e-002  -0.4407  0.1519  0.0692 -0.0210 -0.1252 -0.0364  0.0449  0.1285  0.0535 -0.0164 -0.0895 -0.0867 -0.0905 -0.1043 -0.0817 -0.0699 -0.0644 -0.1690 -0.2525  0.0100  0.3814  0.4451  0.6220  1.0000
    25   biom     1.1939e+001 9.3492e-002  -0.6439  0.2215  0.1005 -0.0315 -0.1840 -0.0547  0.0637  0.1853  0.0749 -0.0282 -0.1361 -0.1339 -0.1417 -0.1657 -0.1385 -0.1283 -0.1307 -0.2933 -0.4238 -0.0973  0.3973  0.3711  0.4240  0.7077  1.0000
    26   biom     1.1889e+001 8.8016e-002  -0.3506  0.1207  0.0548 -0.0171 -0.1000 -0.0296  0.0350  0.1012  0.0412 -0.0148 -0.0734 -0.0720 -0.0759 -0.0885 -0.0729 -0.0664 -0.0664 -0.1537 -0.2236 -0.0384  0.2372  0.2385  0.2941  0.4835  0.6801  1.0000
    27   biom     1.1839e+001 7.8874e-002  -0.0193  0.0068  0.0032 -0.0007 -0.0052 -0.0012  0.0025  0.0063  0.0032  0.0004 -0.0025 -0.0019 -0.0015 -0.0011  0.0014  0.0038  0.0067  0.0047  0.0033  0.0296  0.0584  0.0923  0.1537  0.2403  0.3325  0.6247  1.0000
    28   biom     1.1810e+001 8.4237e-002   0.0459 -0.0157 -0.0070  0.0024  0.0134  0.0043 -0.0041 -0.0126 -0.0045  0.0031  0.0110  0.0113  0.0124  0.0151  0.0146  0.0156  0.0183  0.0323  0.0437  0.0343  0.0108  0.0419  0.0884  0.1338  0.1832  0.3946  0.6635  1.0000
    29   biom     1.1781e+001 7.6476e-002   0.1210 -0.0415 -0.0187  0.0061  0.0348  0.0106 -0.0115 -0.0343 -0.0133  0.0063  0.0269  0.0269  0.0289  0.0343  0.0306  0.0304  0.0333  0.0662  0.0928  0.0451 -0.0365 -0.0030  0.0361  0.0470  0.0606  0.2250  0.4303  0.6554  1.0000
    30   biom     1.1758e+001 8.2228e-002   0.1299 -0.0446 -0.0201  0.0065  0.0373  0.0113 -0.0125 -0.0369 -0.0145  0.0065  0.0286  0.0284  0.0305  0.0361  0.0318  0.0311  0.0337  0.0685  0.0965  0.0420 -0.0483 -0.0191  0.0112  0.0076  0.0059  0.1273  0.2771  0.4260  0.6526  1.0000
    31   biom     1.1736e+001 7.3199e-002   0.1655 -0.0568 -0.0257  0.0083  0.0475  0.0143 -0.0160 -0.0472 -0.0186  0.0081  0.0361  0.0358  0.0383  0.0452  0.0394  0.0382  0.0409  0.0846  0.1199  0.0473 -0.0703 -0.0399 -0.0126 -0.0321 -0.0501  0.0509  0.1730  0.2723  0.4213  0.6410  1.0000
    32   biom     1.1728e+001 7.7620e-002   0.0377 -0.0129 -0.0058  0.0019  0.0108  0.0033 -0.0036 -0.0107 -0.0042  0.0019  0.0083  0.0083  0.0089  0.0106  0.0094  0.0093  0.0101  0.0203  0.0285  0.0132 -0.0125 -0.0030  0.0077  0.0091  0.0112  0.0552  0.1100  0.1680  0.2566  0.3940  0.6172  1.0000
    33   biom     1.1720e+001 6.5644e-002  -0.0955  0.0328  0.0149 -0.0047 -0.0273 -0.0082  0.0093  0.0273  0.0109 -0.0044 -0.0205 -0.0203 -0.0216 -0.0254 -0.0217 -0.0207 -0.0217 -0.0464 -0.0663 -0.0215  0.0488  0.0373  0.0322  0.0572  0.0824  0.0738  0.0671  0.0937  0.1371  0.2171  0.3445  0.5853  1.0000
    34   biom     1.1693e+001 8.1492e-002   0.0138 -0.0047 -0.0021  0.0007  0.0040  0.0012 -0.0013 -0.0039 -0.0015  0.0007  0.0030  0.0030  0.0033  0.0039  0.0034  0.0034  0.0037  0.0074  0.0104  0.0048 -0.0046 -0.0012  0.0027  0.0031  0.0038  0.0197  0.0395  0.0603  0.0921  0.1415  0.2216  0.3589  0.6018  1.0000
    35   biom     1.1667e+001 8.2910e-002   0.1027 -0.0353 -0.0160  0.0051  0.0294  0.0089 -0.0100 -0.0293 -0.0116  0.0049  0.0222  0.0221  0.0235  0.0277  0.0240  0.0230  0.0244  0.0513  0.0730  0.0265 -0.0477 -0.0319 -0.0202 -0.0391 -0.0577 -0.0197  0.0244  0.0444  0.0726  0.1062  0.1628  0.2422  0.3913  0.6663  1.0000
    36   biom     1.1624e+001 1.0034e-001   0.3506 -0.1205 -0.0545  0.0174  0.1005  0.0302 -0.0341 -0.1002 -0.0397  0.0167  0.0758  0.0751  0.0801  0.0944  0.0814  0.0780  0.0825  0.1742  0.2480  0.0879 -0.1665 -0.1150 -0.0797 -0.1505 -0.2202 -0.1121  0.0107  0.0424  0.0823  0.1071  0.1546  0.1711  0.2322  0.4453  0.6915  1.0000
    37   biom     1.1582e+001 1.1409e-001   0.5422 -0.1863 -0.0843  0.0269  0.1554  0.0467 -0.0528 -0.1549 -0.0615  0.0258  0.1172  0.1161  0.1238  0.1458  0.1257  0.1205  0.1275  0.2692  0.3831  0.1354 -0.2582 -0.1792 -0.1256 -0.2362 -0.3454 -0.1829  0.0011  0.0423  0.0920  0.1112  0.1537  0.1250  0.1241  0.2991  0.4896  0.7708  1.0000
    38   biom     1.1582e+001 1.3630e-001   0.4538 -0.1559 -0.0706  0.0225  0.1301  0.0391 -0.0442 -0.1297 -0.0515  0.0216  0.0981  0.0972  0.1036  0.1221  0.1052  0.1009  0.1067  0.2253  0.3207  0.1134 -0.2161 -0.1500 -0.1051 -0.1977 -0.2891 -0.1531  0.0009  0.0354  0.0770  0.0931  0.1286  0.1046  0.1039  0.2503  0.4099  0.6452  0.8371  1.0000
    39   biom     1.1582e+001 1.5536e-001   0.3981 -0.1368 -0.0619  0.0198  0.1141  0.0343 -0.0387 -0.1138 -0.0451  0.0189  0.0861  0.0853  0.0909  0.1071  0.0923  0.0885  0.0936  0.1977  0.2813  0.0994 -0.1896 -0.1316 -0.0922 -0.1735 -0.2536 -0.1343  0.0008  0.0311  0.0676  0.0817  0.1129  0.0918  0.0912  0.2196  0.3596  0.5660  0.7343  0.8773  1.0000
    40   biomsd   1.1866e+001 1.1478e-001  -0.3436  1.0000  0.7870  0.5644  0.3199  0.2941  0.2813  0.2789  0.1815  0.0950  0.0092 -0.0102 -0.0308 -0.0591 -0.0561 -0.0591 -0.0684 -0.1628 -0.2383 -0.0816  0.1663  0.1157  0.0816  0.1519  0.2215  0.1207  0.0068 -0.0157 -0.0415 -0.0446 -0.0568 -0.0129  0.0328 -0.0047 -0.0353 -0.1205 -0.1863 -0.1559 -0.1368  1.0000
    41   biomsd   1.1837e+001 1.1021e-001  -0.1555  0.7870  1.0000  0.7657  0.5120  0.4172  0.3448  0.2848  0.2072  0.1407  0.0774  0.0510  0.0279  0.0025 -0.0048 -0.0116 -0.0202 -0.0669 -0.1040 -0.0334  0.0773  0.0537  0.0377  0.0692  0.1005  0.0548  0.0032 -0.0070 -0.0187 -0.0201 -0.0257 -0.0058  0.0149 -0.0021 -0.0160 -0.0545 -0.0843 -0.0706 -0.0619  0.7870  1.0000
    42   biomsd   1.1807e+001 1.0401e-001   0.0497  0.5644  0.7657  1.0000  0.7320  0.5596  0.4203  0.2958  0.2388  0.1934  0.1539  0.1194  0.0931  0.0705  0.0518  0.0406  0.0328  0.0379  0.0425  0.0192 -0.0198 -0.0139 -0.0101 -0.0210 -0.0315 -0.0171 -0.0007  0.0024  0.0061  0.0065  0.0083  0.0019 -0.0047  0.0007  0.0051  0.0174  0.0269  0.0225  0.0198  0.5644  0.7657  1.0000
    43   biomsd   1.1777e+001 9.5843e-002   0.2866  0.3199  0.5120  0.7320  1.0000  0.7348  0.5158  0.3145  0.2801  0.2579  0.2450  0.2005  0.1699  0.1501  0.1180  0.1015  0.0943  0.1591  0.2119  0.0801 -0.1318 -0.0919 -0.0653 -0.1252 -0.1840 -0.1000 -0.0052  0.0134  0.0348  0.0373  0.0475  0.0108 -0.0273  0.0040  0.0294  0.1005  0.1554  0.1301  0.1141  0.3199  0.5120  0.7320  1.0000
    44   biomsd   1.1792e+001 1.0130e-001   0.0862  0.2941  0.4172  0.5596  0.7348  1.0000  0.7516  0.5294  0.4272  0.3455  0.2745  0.2129  0.1657  0.1253  0.0921  0.0720  0.0579  0.0664  0.0742  0.0337 -0.0341 -0.0240 -0.0174 -0.0364 -0.0547 -0.0296 -0.0012  0.0043  0.0106  0.0113  0.0143  0.0033 -0.0082  0.0012  0.0089  0.0302  0.0467  0.0391  0.0343  0.2941  0.4172  0.5596  0.7348  1.0000
    45   biomsd   1.1807e+001 1.0284e-001  -0.0973  0.2813  0.3448  0.4203  0.5158  0.7516  1.0000  0.7500  0.5806  0.4403  0.3124  0.2326  0.1682  0.1069  0.0714  0.0473  0.0263 -0.0175 -0.0514 -0.0083  0.0556  0.0384  0.0266  0.0449  0.0637  0.0350  0.0025 -0.0041 -0.0115 -0.0125 -0.0160 -0.0036  0.0093 -0.0013 -0.0100 -0.0341 -0.0528 -0.0442 -0.0387  0.2813  0.3448  0.4203  0.5158  0.7516  1.0000
    46   biomsd   1.1822e+001 1.0061e-001  -0.2857  0.2789  0.2848  0.2958  0.3145  0.5294  0.7500  1.0000  0.7566  0.5523  0.3623  0.2610  0.1769  0.0924  0.0533  0.0242 -0.0046 -0.1026 -0.1798 -0.0509  0.1480  0.1027  0.0718  0.1285  0.1853  0.1012  0.0063 -0.0126 -0.0343 -0.0369 -0.0472 -0.0107  0.0273 -0.0039 -0.0293 -0.1002 -0.1549 -0.1297 -0.1138  0.2789  0.2848  0.2958  0.3145  0.5294  0.7500  1.0000
    47   biomsd   1.1799e+001 1.0478e-001  -0.1134  0.1815  0.2072  0.2388  0.2801  0.4272  0.5806  0.7566  1.0000  0.7659  0.5535  0.4149  0.3041  0.2002  0.1366  0.0943  0.0585 -0.0028 -0.0501 -0.0007  0.0700  0.0482  0.0330  0.0535  0.0749  0.0412  0.0032 -0.0045 -0.0133 -0.0145 -0.0186 -0.0042  0.0109 -0.0015 -0.0116 -0.0397 -0.0615 -0.0515 -0.0451  0.1815  0.2072  0.2388  0.2801  0.4272  0.5806  0.7566  1.0000
    48   biomsd   1.1777e+001 1.0494e-001   0.0475  0.0950  0.1407  0.1934  0.2579  0.3455  0.4403  0.5523  0.7659  1.0000  0.7580  0.5784  0.4377  0.3112  0.2217  0.1651  0.1213  0.0927  0.0724  0.0475 -0.0021 -0.0022 -0.0029 -0.0164 -0.0282 -0.0148  0.0004  0.0031  0.0063  0.0065  0.0081  0.0019 -0.0044  0.0007  0.0049  0.0167  0.0258  0.0216  0.0189  0.0950  0.1407  0.1934  0.2579  0.3455  0.4403  0.5523  0.7659  1.0000
    49   biomsd   1.1754e+001 1.0109e-001   0.2162  0.0092  0.0774  0.1539  0.2450  0.2745  0.3124  0.3623  0.5535  0.7580  1.0000  0.7707  0.5936  0.4386  0.3187  0.2451  0.1912  0.1954  0.2022  0.0993 -0.0770 -0.0545 -0.0402 -0.0895 -0.1361 -0.0734 -0.0025  0.0110  0.0269  0.0286  0.0361  0.0083 -0.0205  0.0030  0.0222  0.0758  0.1172  0.0981  0.0861  0.0092  0.0774  0.1539  0.2450  0.2745  0.3124  0.3623  0.5535  0.7580  1.0000
    50   biomsd   1.1749e+001 1.0355e-001   0.2142 -0.0102  0.0510  0.1194  0.2005  0.2129  0.2326  0.2610  0.4149  0.5784  0.7707  1.0000  0.7657  0.5587  0.4034  0.3072  0.2353  0.2223  0.2165  0.1133 -0.0677 -0.0484 -0.0364 -0.0867 -0.1339 -0.0720 -0.0019  0.0113  0.0269  0.0284  0.0358  0.0083 -0.0203  0.0030  0.0221  0.0751  0.1161  0.0972  0.0853 -0.0102  0.0510  0.1194  0.2005  0.2129  0.2326  0.2610  0.4149  0.5784  0.7707  1.0000
    51   biomsd   1.1745e+001 9.8580e-002   0.2283 -0.0308  0.0279  0.0931  0.1699  0.1657  0.1682  0.1769  0.3041  0.4377  0.5936  0.7657  1.0000  0.7240  0.5207  0.3940  0.2982  0.2667  0.2475  0.1361 -0.0633 -0.0457 -0.0352 -0.0905 -0.1417 -0.0759 -0.0015  0.0124  0.0289  0.0305  0.0383  0.0089 -0.0216  0.0033  0.0235  0.0801  0.1238  0.1036  0.0909 -0.0308  0.0279  0.0931  0.1699  0.1657  0.1682  0.1769  0.3041  0.4377  0.5936  0.7657  1.0000
    52   biomsd   1.1740e+001 8.4888e-002   0.2689 -0.0591  0.0025  0.0705  0.1501  0.1253  0.1069  0.0924  0.2002  0.3112  0.4386  0.5587  0.7240  1.0000  0.7173  0.5403  0.4056  0.3482  0.3107  0.1779 -0.0644 -0.0472 -0.0373 -0.1043 -0.1657 -0.0885 -0.0011  0.0151  0.0343  0.0361  0.0452  0.0106 -0.0254  0.0039  0.0277  0.0944  0.1458  0.1221  0.1071 -0.0591  0.0025  0.0705  0.1501  0.1253  0.1069  0.0924  0.2002  0.3112  0.4386  0.5587  0.7240  1.0000
    53   biomsd   1.1746e+001 9.5599e-002   0.2318 -0.0561 -0.0048  0.0518  0.1180  0.0921  0.0714  0.0533  0.1366  0.2217  0.3187  0.4034  0.5207  0.7173  1.0000  0.7458  0.5491  0.4253  0.3381  0.2180 -0.0182 -0.0161 -0.0171 -0.0817 -0.1385 -0.0729  0.0014  0.0146  0.0306  0.0318  0.0394  0.0094 -0.0217  0.0034  0.0240  0.0814  0.1257  0.1052  0.0923 -0.0561 -0.0048  0.0518  0.1180  0.0921  0.0714  0.0533  0.1366  0.2217  0.3187  0.4034  0.5207  0.7173  1.0000
    54   biomsd   1.1751e+001 9.6725e-002   0.2221 -0.0591 -0.0116  0.0406  0.1015  0.0720  0.0473  0.0242  0.0943  0.1651  0.2451  0.3072  0.3940  0.5403  0.7458  1.0000  0.7295  0.5352  0.3957  0.2748  0.0205  0.0096 -0.0011 -0.0699 -0.1283 -0.0664  0.0038  0.0156  0.0304  0.0311  0.0382  0.0093 -0.0207  0.0034  0.0230  0.0780  0.1205  0.1009  0.0885 -0.0591 -0.0116  0.0406  0.1015  0.0720  0.0473  0.0242  0.0943  0.1651  0.2451  0.3072  0.3940  0.5403  0.7458  1.0000
    55   biomsd   1.1757e+001 8.8633e-002   0.2349 -0.0684 -0.0202  0.0328  0.0943  0.0579  0.0263 -0.0046  0.0585  0.1213  0.1912  0.2353  0.2982  0.4056  0.5491  0.7295  1.0000  0.7093  0.4990  0.3646  0.0643  0.0384  0.0161 -0.0644 -0.1307 -0.0664  0.0067  0.0183  0.0333  0.0337  0.0409  0.0101 -0.0217  0.0037  0.0244  0.0825  0.1275  0.1067  0.0936 -0.0684 -0.0202  0.0328  0.0943  0.0579  0.0263 -0.0046  0.0585  0.1213  0.1912  0.2353  0.2982  0.4056  0.5491  0.7295  1.0000
    56   biomsd   1.1740e+001 1.0305e-001   0.4962 -0.1628 -0.0669  0.0379  0.1591  0.0664 -0.0175 -0.1026 -0.0028  0.0927  0.1954  0.2223  0.2667  0.3482  0.4253  0.5352  0.7093  1.0000  0.7741  0.5129 -0.0124 -0.0169 -0.0259 -0.1690 -0.2933 -0.1537  0.0047  0.0323  0.0662  0.0685  0.0846  0.0203 -0.0464  0.0074  0.0513  0.1742  0.2692  0.2253  0.1977 -0.1628 -0.0669  0.0379  0.1591  0.0664 -0.0175 -0.1026 -0.0028  0.0927  0.1954  0.2223  0.2667  0.3482  0.4253  0.5352  0.7093  1.0000
    57   biomsd   1.1722e+001 1.1532e-001   0.7063 -0.2383 -0.1040  0.0425  0.2119  0.0742 -0.0514 -0.1798 -0.0501  0.0724  0.2022  0.2165  0.2475  0.3107  0.3381  0.3957  0.4990  0.7741  1.0000  0.6364 -0.0717 -0.0596 -0.0587 -0.2525 -0.4238 -0.2236  0.0033  0.0437  0.0928  0.0965  0.1199  0.0285 -0.0663  0.0104  0.0730  0.2480  0.3831  0.3207  0.2813 -0.2383 -0.1040  0.0425  0.2119  0.0742 -0.0514 -0.1798 -0.0501  0.0724  0.2022  0.2165  0.2475  0.3107  0.3381  0.3957  0.4990  0.7741  1.0000
    58   biomsd   1.1806e+001 8.6052e-002   0.2490 -0.0816 -0.0334  0.0192  0.0801  0.0337 -0.0083 -0.0509 -0.0007  0.0475  0.0993  0.1133  0.1361  0.1779  0.2180  0.2748  0.3646  0.5129  0.6364  1.0000  0.4217  0.2739  0.1597  0.0100 -0.0973 -0.0384  0.0296  0.0343  0.0451  0.0420  0.0473  0.0132 -0.0215  0.0048  0.0265  0.0879  0.1354  0.1134  0.0994 -0.0816 -0.0334  0.0192  0.0801  0.0337 -0.0083 -0.0509 -0.0007  0.0475  0.0993  0.1133  0.1361  0.1779  0.2180  0.2748  0.3646  0.5129  0.6364  1.0000
    59   biomsd   1.1890e+001 8.0848e-002  -0.4773  0.1663  0.0773 -0.0198 -0.1318 -0.0341  0.0556  0.1480  0.0700 -0.0021 -0.0770 -0.0677 -0.0633 -0.0644 -0.0182  0.0205  0.0643 -0.0124 -0.0717  0.4217  1.0000  0.6681  0.4238  0.3814  0.3973  0.2372  0.0584  0.0108 -0.0365 -0.0483 -0.0703 -0.0125  0.0488 -0.0046 -0.0477 -0.1665 -0.2582 -0.2161 -0.1896  0.1663  0.0773 -0.0198 -0.1318 -0.0341  0.0556  0.1480  0.0700 -0.0021 -0.0770 -0.0677 -0.0633 -0.0644 -0.0182  0.0205  0.0643 -0.0124 -0.0717  0.4217  1.0000
    60   biomsd   1.1892e+001 8.2009e-002  -0.3323  0.1157  0.0537 -0.0139 -0.0919 -0.0240  0.0384  0.1027  0.0482 -0.0022 -0.0545 -0.0484 -0.0457 -0.0472 -0.0161  0.0096  0.0384 -0.0169 -0.0596  0.2739  0.6681  1.0000  0.6223  0.4451  0.3711  0.2385  0.0923  0.0419 -0.0030 -0.0191 -0.0399 -0.0030  0.0373 -0.0012 -0.0319 -0.1150 -0.1792 -0.1500 -0.1316  0.1157  0.0537 -0.0139 -0.0919 -0.0240  0.0384  0.1027  0.0482 -0.0022 -0.0545 -0.0484 -0.0457 -0.0472 -0.0161  0.0096  0.0384 -0.0169 -0.0596  0.2739  0.6681  1.0000
    61   biomsd   1.1894e+001 6.7803e-002  -0.2348  0.0816  0.0377 -0.0101 -0.0653 -0.0174  0.0266  0.0718  0.0330 -0.0029 -0.0402 -0.0364 -0.0352 -0.0373 -0.0171 -0.0011  0.0161 -0.0259 -0.0587  0.1597  0.4238  0.6223  1.0000  0.6220  0.4240  0.2941  0.1537  0.0884  0.0361  0.0112 -0.0126  0.0077  0.0322  0.0027 -0.0202 -0.0797 -0.1256 -0.1051 -0.0922  0.0816  0.0377 -0.0101 -0.0653 -0.0174  0.0266  0.0718  0.0330 -0.0029 -0.0402 -0.0364 -0.0352 -0.0373 -0.0171 -0.0011  0.0161 -0.0259 -0.0587  0.1597  0.4238  0.6223  1.0000
    62   biomsd   1.1916e+001 8.6365e-002  -0.4407  0.1519  0.0692 -0.0210 -0.1252 -0.0364  0.0449  0.1285  0.0535 -0.0164 -0.0895 -0.0867 -0.0905 -0.1043 -0.0817 -0.0699 -0.0644 -0.1690 -0.2525  0.0100  0.3814  0.4451  0.6220  1.0000  0.7077  0.4835  0.2403  0.1338  0.0470  0.0076 -0.0321  0.0091  0.0572  0.0031 -0.0391 -0.1505 -0.2362 -0.1977 -0.1735  0.1519  0.0692 -0.0210 -0.1252 -0.0364  0.0449  0.1285  0.0535 -0.0164 -0.0895 -0.0867 -0.0905 -0.1043 -0.0817 -0.0699 -0.0644 -0.1690 -0.2525  0.0100  0.3814  0.4451  0.6220  1.0000
    63   biomsd   1.1939e+001 9.3492e-002  -0.6439  0.2215  0.1005 -0.0315 -0.1840 -0.0547  0.0637  0.1853  0.0749 -0.0282 -0.1361 -0.1339 -0.1417 -0.1657 -0.1385 -0.1283 -0.1307 -0.2933 -0.4238 -0.0973  0.3973  0.3711  0.4240  0.7077  1.0000  0.6801  0.3325  0.1832  0.0606  0.0059 -0.0501  0.0112  0.0824  0.0038 -0.0577 -0.2202 -0.3454 -0.2891 -0.2536  0.2215  0.1005 -0.0315 -0.1840 -0.0547  0.0637  0.1853  0.0749 -0.0282 -0.1361 -0.1339 -0.1417 -0.1657 -0.1385 -0.1283 -0.1307 -0.2933 -0.4238 -0.0973  0.3973  0.3711  0.4240  0.7077  1.0000
    64   biomsd   1.1889e+001 8.8016e-002  -0.3506  0.1207  0.0548 -0.0171 -0.1000 -0.0296  0.0350  0.1012  0.0412 -0.0148 -0.0734 -0.0720 -0.0759 -0.0885 -0.0729 -0.0664 -0.0664 -0.1537 -0.2236 -0.0384  0.2372  0.2385  0.2941  0.4835  0.6801  1.0000  0.6247  0.3946  0.2250  0.1273  0.0509  0.0552  0.0738  0.0197 -0.0197 -0.1121 -0.1829 -0.1531 -0.1343  0.1207  0.0548 -0.0171 -0.1000 -0.0296  0.0350  0.1012  0.0412 -0.0148 -0.0734 -0.0720 -0.0759 -0.0885 -0.0729 -0.0664 -0.0664 -0.1537 -0.2236 -0.0384  0.2372  0.2385  0.2941  0.4835  0.6801  1.0000
    65   biomsd   1.1839e+001 7.8874e-002  -0.0193  0.0068  0.0032 -0.0007 -0.0052 -0.0012  0.0025  0.0063  0.0032  0.0004 -0.0025 -0.0019 -0.0015 -0.0011  0.0014  0.0038  0.0067  0.0047  0.0033  0.0296  0.0584  0.0923  0.1537  0.2403  0.3325  0.6247  1.0000  0.6635  0.4303  0.2771  0.1730  0.1100  0.0671  0.0395  0.0244  0.0107  0.0011  0.0009  0.0008  0.0068  0.0032 -0.0007 -0.0052 -0.0012  0.0025  0.0063  0.0032  0.0004 -0.0025 -0.0019 -0.0015 -0.0011  0.0014  0.0038  0.0067  0.0047  0.0033  0.0296  0.0584  0.0923  0.1537  0.2403  0.3325  0.6247  1.0000
    66   biomsd   1.1810e+001 8.4237e-002   0.0459 -0.0157 -0.0070  0.0024  0.0134  0.0043 -0.0041 -0.0126 -0.0045  0.0031  0.0110  0.0113  0.0124  0.0151  0.0146  0.0156  0.0183  0.0323  0.0437  0.0343  0.0108  0.0419  0.0884  0.1338  0.1832  0.3946  0.6635  1.0000  0.6554  0.4260  0.2723  0.1680  0.0937  0.0603  0.0444  0.0424  0.0423  0.0354  0.0311 -0.0157 -0.0070  0.0024  0.0134  0.0043 -0.0041 -0.0126 -0.0045  0.0031  0.0110  0.0113  0.0124  0.0151  0.0146  0.0156  0.0183  0.0323  0.0437  0.0343  0.0108  0.0419  0.0884  0.1338  0.1832  0.3946  0.6635  1.0000
    67   biomsd   1.1781e+001 7.6476e-002   0.1210 -0.0415 -0.0187  0.0061  0.0348  0.0106 -0.0115 -0.0343 -0.0133  0.0063  0.0269  0.0269  0.0289  0.0343  0.0306  0.0304  0.0333  0.0662  0.0928  0.0451 -0.0365 -0.0030  0.0361  0.0470  0.0606  0.2250  0.4303  0.6554  1.0000  0.6526  0.4213  0.2566  0.1371  0.0921  0.0726  0.0823  0.0920  0.0770  0.0676 -0.0415 -0.0187  0.0061  0.0348  0.0106 -0.0115 -0.0343 -0.0133  0.0063  0.0269  0.0269  0.0289  0.0343  0.0306  0.0304  0.0333  0.0662  0.0928  0.0451 -0.0365 -0.0030  0.0361  0.0470  0.0606  0.2250  0.4303  0.6554  1.0000
    68   biomsd   1.1758e+001 8.2228e-002   0.1299 -0.0446 -0.0201  0.0065  0.0373  0.0113 -0.0125 -0.0369 -0.0145  0.0065  0.0286  0.0284  0.0305  0.0361  0.0318  0.0311  0.0337  0.0685  0.0965  0.0420 -0.0483 -0.0191  0.0112  0.0076  0.0059  0.1273  0.2771  0.4260  0.6526  1.0000  0.6410  0.3940  0.2171  0.1415  0.1062  0.1071  0.1112  0.0931  0.0817 -0.0446 -0.0201  0.0065  0.0373  0.0113 -0.0125 -0.0369 -0.0145  0.0065  0.0286  0.0284  0.0305  0.0361  0.0318  0.0311  0.0337  0.0685  0.0965  0.0420 -0.0483 -0.0191  0.0112  0.0076  0.0059  0.1273  0.2771  0.4260  0.6526  1.0000
    69   biomsd   1.1736e+001 7.3199e-002   0.1655 -0.0568 -0.0257  0.0083  0.0475  0.0143 -0.0160 -0.0472 -0.0186  0.0081  0.0361  0.0358  0.0383  0.0452  0.0394  0.0382  0.0409  0.0846  0.1199  0.0473 -0.0703 -0.0399 -0.0126 -0.0321 -0.0501  0.0509  0.1730  0.2723  0.4213  0.6410  1.0000  0.6172  0.3445  0.2216  0.1628  0.1546  0.1537  0.1286  0.1129 -0.0568 -0.0257  0.0083  0.0475  0.0143 -0.0160 -0.0472 -0.0186  0.0081  0.0361  0.0358  0.0383  0.0452  0.0394  0.0382  0.0409  0.0846  0.1199  0.0473 -0.0703 -0.0399 -0.0126 -0.0321 -0.0501  0.0509  0.1730  0.2723  0.4213  0.6410  1.0000
    70   biomsd   1.1728e+001 7.7620e-002   0.0377 -0.0129 -0.0058  0.0019  0.0108  0.0033 -0.0036 -0.0107 -0.0042  0.0019  0.0083  0.0083  0.0089  0.0106  0.0094  0.0093  0.0101  0.0203  0.0285  0.0132 -0.0125 -0.0030  0.0077  0.0091  0.0112  0.0552  0.1100  0.1680  0.2566  0.3940  0.6172  1.0000  0.5853  0.3589  0.2422  0.1711  0.1250  0.1046  0.0918 -0.0129 -0.0058  0.0019  0.0108  0.0033 -0.0036 -0.0107 -0.0042  0.0019  0.0083  0.0083  0.0089  0.0106  0.0094  0.0093  0.0101  0.0203  0.0285  0.0132 -0.0125 -0.0030  0.0077  0.0091  0.0112  0.0552  0.1100  0.1680  0.2566  0.3940  0.6172  1.0000
    71   biomsd   1.1720e+001 6.5644e-002  -0.0955  0.0328  0.0149 -0.0047 -0.0273 -0.0082  0.0093  0.0273  0.0109 -0.0044 -0.0205 -0.0203 -0.0216 -0.0254 -0.0217 -0.0207 -0.0217 -0.0464 -0.0663 -0.0215  0.0488  0.0373  0.0322  0.0572  0.0824  0.0738  0.0671  0.0937  0.1371  0.2171  0.3445  0.5853  1.0000  0.6018  0.3913  0.2322  0.1241  0.1039  0.0912  0.0328  0.0149 -0.0047 -0.0273 -0.0082  0.0093  0.0273  0.0109 -0.0044 -0.0205 -0.0203 -0.0216 -0.0254 -0.0217 -0.0207 -0.0217 -0.0464 -0.0663 -0.0215  0.0488  0.0373  0.0322  0.0572  0.0824  0.0738  0.0671  0.0937  0.1371  0.2171  0.3445  0.5853  1.0000
    72   biomsd   1.1693e+001 8.1492e-002   0.0138 -0.0047 -0.0021  0.0007  0.0040  0.0012 -0.0013 -0.0039 -0.0015  0.0007  0.0030  0.0030  0.0033  0.0039  0.0034  0.0034  0.0037  0.0074  0.0104  0.0048 -0.0046 -0.0012  0.0027  0.0031  0.0038  0.0197  0.0395  0.0603  0.0921  0.1415  0.2216  0.3589  0.6018  1.0000  0.6663  0.4453  0.2991  0.2503  0.2196 -0.0047 -0.0021  0.0007  0.0040  0.0012 -0.0013 -0.0039 -0.0015  0.0007  0.0030  0.0030  0.0033  0.0039  0.0034  0.0034  0.0037  0.0074  0.0104  0.0048 -0.0046 -0.0012  0.0027  0.0031  0.0038  0.0197  0.0395  0.0603  0.0921  0.1415  0.2216  0.3589  0.6018  1.0000
    73   biomsd   1.1667e+001 8.2910e-002   0.1027 -0.0353 -0.0160  0.0051  0.0294  0.0089 -0.0100 -0.0293 -0.0116  0.0049  0.0222  0.0221  0.0235  0.0277  0.0240  0.0230  0.0244  0.0513  0.0730  0.0265 -0.0477 -0.0319 -0.0202 -0.0391 -0.0577 -0.0197  0.0244  0.0444  0.0726  0.1062  0.1628  0.2422  0.3913  0.6663  1.0000  0.6915  0.4896  0.4099  0.3596 -0.0353 -0.0160  0.0051  0.0294  0.0089 -0.0100 -0.0293 -0.0116  0.0049  0.0222  0.0221  0.0235  0.0277  0.0240  0.0230  0.0244  0.0513  0.0730  0.0265 -0.0477 -0.0319 -0.0202 -0.0391 -0.0577 -0.0197  0.0244  0.0444  0.0726  0.1062  0.1628  0.2422  0.3913  0.6663  1.0000
    74   biomsd   1.1624e+001 1.0034e-001   0.3506 -0.1205 -0.0545  0.0174  0.1005  0.0302 -0.0341 -0.1002 -0.0397  0.0167  0.0758  0.0751  0.0801  0.0944  0.0814  0.0780  0.0825  0.1742  0.2480  0.0879 -0.1665 -0.1150 -0.0797 -0.1505 -0.2202 -0.1121  0.0107  0.0424  0.0823  0.1071  0.1546  0.1711  0.2322  0.4453  0.6915  1.0000  0.7708  0.6452  0.5660 -0.1205 -0.0545  0.0174  0.1005  0.0302 -0.0341 -0.1002 -0.0397  0.0167  0.0758  0.0751  0.0801  0.0944  0.0814  0.0780  0.0825  0.1742  0.2480  0.0879 -0.1665 -0.1150 -0.0797 -0.1505 -0.2202 -0.1121  0.0107  0.0424  0.0823  0.1071  0.1546  0.1711  0.2322  0.4453  0.6915  1.0000
    75   biomsd   1.1582e+001 1.1409e-001   0.5422 -0.1863 -0.0843  0.0269  0.1554  0.0467 -0.0528 -0.1549 -0.0615  0.0258  0.1172  0.1161  0.1238  0.1458  0.1257  0.1205  0.1275  0.2692  0.3831  0.1354 -0.2582 -0.1792 -0.1256 -0.2362 -0.3454 -0.1829  0.0011  0.0423  0.0920  0.1112  0.1537  0.1250  0.1241  0.2991  0.4896  0.7708  1.0000  0.8371  0.7343 -0.1863 -0.0843  0.0269  0.1554  0.0467 -0.0528 -0.1549 -0.0615  0.0258  0.1172  0.1161  0.1238  0.1458  0.1257  0.1205  0.1275  0.2692  0.3831  0.1354 -0.2582 -0.1792 -0.1256 -0.2362 -0.3454 -0.1829  0.0011  0.0423  0.0920  0.1112  0.1537  0.1250  0.1241  0.2991  0.4896  0.7708  1.0000
    76   biomsd   1.1582e+001 1.3630e-001   0.4538 -0.1559 -0.0706  0.0225  0.1301  0.0391 -0.0442 -0.1297 -0.0515  0.0216  0.0981  0.0972  0.1036  0.1221  0.1052  0.1009  0.1067  0.2253  0.3207  0.1134 -0.2161 -0.1500 -0.1051 -0.1977 -0.2891 -0.1531  0.0009  0.0354  0.0770  0.0931  0.1286  0.1046  0.1039  0.2503  0.4099  0.6452  0.8371  1.0000  0.8773 -0.1559 -0.0706  0.0225  0.1301  0.0391 -0.0442 -0.1297 -0.0515  0.0216  0.0981  0.0972  0.1036  0.1221  0.1052  0.1009  0.1067  0.2253  0.3207  0.1134 -0.2161 -0.1500 -0.1051 -0.1977 -0.2891 -0.1531  0.0009  0.0354  0.0770  0.0931  0.1286  0.1046  0.1039  0.2503  0.4099  0.6452  0.8371  1.0000
    77   biomsd   1.1582e+001 1.5536e-001   0.3981 -0.1368 -0.0619  0.0198  0.1141  0.0343 -0.0387 -0.1138 -0.0451  0.0189  0.0861  0.0853  0.0909  0.1071  0.0923  0.0885  0.0936  0.1977  0.2813  0.0994 -0.1896 -0.1316 -0.0922 -0.1735 -0.2536 -0.1343  0.0008  0.0311  0.0676  0.0817  0.1129  0.0918  0.0912  0.2196  0.3596  0.5660  0.7343  0.8773  1.0000 -0.1368 -0.0619  0.0198  0.1141  0.0343 -0.0387 -0.1138 -0.0451  0.0189  0.0861  0.0853  0.0909  0.1071  0.0923  0.0885  0.0936  0.1977  0.2813  0.0994 -0.1896 -0.1316 -0.0922 -0.1735 -0.2536 -0.1343  0.0008  0.0311  0.0676  0.0817  0.1129  0.0918  0.0912  0.2196  0.3596  0.5660  0.7343  0.8773  1.0000
    78   biomA    1.4239e+005 1.6343e+004  -0.3436  1.0000  0.7870  0.5644  0.3199  0.2941  0.2813  0.2789  0.1815  0.0950  0.0092 -0.0102 -0.0308 -0.0591 -0.0561 -0.0591 -0.0684 -0.1628 -0.2383 -0.0816  0.1663  0.1157  0.0816  0.1519  0.2215  0.1207  0.0068 -0.0157 -0.0415 -0.0446 -0.0568 -0.0129  0.0328 -0.0047 -0.0353 -0.1205 -0.1863 -0.1559 -0.1368  1.0000  0.7870  0.5644  0.3199  0.2941  0.2813  0.2789  0.1815  0.0950  0.0092 -0.0102 -0.0308 -0.0591 -0.0561 -0.0591 -0.0684 -0.1628 -0.2383 -0.0816  0.1663  0.1157  0.0816  0.1519  0.2215  0.1207  0.0068 -0.0157 -0.0415 -0.0446 -0.0568 -0.0129  0.0328 -0.0047 -0.0353 -0.1205 -0.1863 -0.1559 -0.1368  1.0000
    79   biomA    1.3821e+005 1.5232e+004  -0.1555  0.7870  1.0000  0.7657  0.5120  0.4172  0.3448  0.2848  0.2072  0.1407  0.0774  0.0510  0.0279  0.0025 -0.0048 -0.0116 -0.0202 -0.0669 -0.1040 -0.0334  0.0773  0.0537  0.0377  0.0692  0.1005  0.0548  0.0032 -0.0070 -0.0187 -0.0201 -0.0257 -0.0058  0.0149 -0.0021 -0.0160 -0.0545 -0.0843 -0.0706 -0.0619  0.7870  1.0000  0.7657  0.5120  0.4172  0.3448  0.2848  0.2072  0.1407  0.0774  0.0510  0.0279  0.0025 -0.0048 -0.0116 -0.0202 -0.0669 -0.1040 -0.0334  0.0773  0.0537  0.0377  0.0692  0.1005  0.0548  0.0032 -0.0070 -0.0187 -0.0201 -0.0257 -0.0058  0.0149 -0.0021 -0.0160 -0.0545 -0.0843 -0.0706 -0.0619  0.7870  1.0000
    80   biomA    1.3415e+005 1.3953e+004   0.0497  0.5644  0.7657  1.0000  0.7320  0.5596  0.4203  0.2958  0.2388  0.1934  0.1539  0.1194  0.0931  0.0705  0.0518  0.0406  0.0328  0.0379  0.0425  0.0192 -0.0198 -0.0139 -0.0101 -0.0210 -0.0315 -0.0171 -0.0007  0.0024  0.0061  0.0065  0.0083  0.0019 -0.0047  0.0007  0.0051  0.0174  0.0269  0.0225  0.0198  0.5644  0.7657  1.0000  0.7320  0.5596  0.4203  0.2958  0.2388  0.1934  0.1539  0.1194  0.0931  0.0705  0.0518  0.0406  0.0328  0.0379  0.0425  0.0192 -0.0198 -0.0139 -0.0101 -0.0210 -0.0315 -0.0171 -0.0007  0.0024  0.0061  0.0065  0.0083  0.0019 -0.0047  0.0007  0.0051  0.0174  0.0269  0.0225  0.0198  0.5644  0.7657  1.0000
    81   biomA    1.3021e+005 1.2480e+004   0.2866  0.3199  0.5120  0.7320  1.0000  0.7348  0.5158  0.3145  0.2801  0.2579  0.2450  0.2005  0.1699  0.1501  0.1180  0.1015  0.0943  0.1591  0.2119  0.0801 -0.1318 -0.0919 -0.0653 -0.1252 -0.1840 -0.1000 -0.0052  0.0134  0.0348  0.0373  0.0475  0.0108 -0.0273  0.0040  0.0294  0.1005  0.1554  0.1301  0.1141  0.3199  0.5120  0.7320  1.0000  0.7348  0.5158  0.3145  0.2801  0.2579  0.2450  0.2005  0.1699  0.1501  0.1180  0.1015  0.0943  0.1591  0.2119  0.0801 -0.1318 -0.0919 -0.0653 -0.1252 -0.1840 -0.1000 -0.0052  0.0134  0.0348  0.0373  0.0475  0.0108 -0.0273  0.0040  0.0294  0.1005  0.1554  0.1301  0.1141  0.3199  0.5120  0.7320  1.0000
    82   biomA    1.3218e+005 1.3391e+004   0.0862  0.2941  0.4172  0.5596  0.7348  1.0000  0.7516  0.5294  0.4272  0.3455  0.2745  0.2129  0.1657  0.1253  0.0921  0.0720  0.0579  0.0664  0.0742  0.0337 -0.0341 -0.0240 -0.0174 -0.0364 -0.0547 -0.0296 -0.0012  0.0043  0.0106  0.0113  0.0143  0.0033 -0.0082  0.0012  0.0089  0.0302  0.0467  0.0391  0.0343  0.2941  0.4172  0.5596  0.7348  1.0000  0.7516  0.5294  0.4272  0.3455  0.2745  0.2129  0.1657  0.1253  0.0921  0.0720  0.0579  0.0664  0.0742  0.0337 -0.0341 -0.0240 -0.0174 -0.0364 -0.0547 -0.0296 -0.0012  0.0043  0.0106  0.0113  0.0143  0.0033 -0.0082  0.0012  0.0089  0.0302  0.0467  0.0391  0.0343  0.2941  0.4172  0.5596  0.7348  1.0000
    83   biomA    1.3418e+005 1.3799e+004  -0.0973  0.2813  0.3448  0.4203  0.5158  0.7516  1.0000  0.7500  0.5806  0.4403  0.3124  0.2326  0.1682  0.1069  0.0714  0.0473  0.0263 -0.0175 -0.0514 -0.0083  0.0556  0.0384  0.0266  0.0449  0.0637  0.0350  0.0025 -0.0041 -0.0115 -0.0125 -0.0160 -0.0036  0.0093 -0.0013 -0.0100 -0.0341 -0.0528 -0.0442 -0.0387  0.2813  0.3448  0.4203  0.5158  0.7516  1.0000  0.7500  0.5806  0.4403  0.3124  0.2326  0.1682  0.1069  0.0714  0.0473  0.0263 -0.0175 -0.0514 -0.0083  0.0556  0.0384  0.0266  0.0449  0.0637  0.0350  0.0025 -0.0041 -0.0115 -0.0125 -0.0160 -0.0036  0.0093 -0.0013 -0.0100 -0.0341 -0.0528 -0.0442 -0.0387  0.2813  0.3448  0.4203  0.5158  0.7516  1.0000
    84   biomA    1.3621e+005 1.3705e+004  -0.2857  0.2789  0.2848  0.2958  0.3145  0.5294  0.7500  1.0000  0.7566  0.5523  0.3623  0.2610  0.1769  0.0924  0.0533  0.0242 -0.0046 -0.1026 -0.1798 -0.0509  0.1480  0.1027  0.0718  0.1285  0.1853  0.1012  0.0063 -0.0126 -0.0343 -0.0369 -0.0472 -0.0107  0.0273 -0.0039 -0.0293 -0.1002 -0.1549 -0.1297 -0.1138  0.2789  0.2848  0.2958  0.3145  0.5294  0.7500  1.0000  0.7566  0.5523  0.3623  0.2610  0.1769  0.0924  0.0533  0.0242 -0.0046 -0.1026 -0.1798 -0.0509  0.1480  0.1027  0.0718  0.1285  0.1853  0.1012  0.0063 -0.0126 -0.0343 -0.0369 -0.0472 -0.0107  0.0273 -0.0039 -0.0293 -0.1002 -0.1549 -0.1297 -0.1138  0.2789  0.2848  0.2958  0.3145  0.5294  0.7500  1.0000
    85   biomA    1.3316e+005 1.3953e+004  -0.1134  0.1815  0.2072  0.2388  0.2801  0.4272  0.5806  0.7566  1.0000  0.7659  0.5535  0.4149  0.3041  0.2002  0.1366  0.0943  0.0585 -0.0028 -0.0501 -0.0007  0.0700  0.0482  0.0330  0.0535  0.0749  0.0412  0.0032 -0.0045 -0.0133 -0.0145 -0.0186 -0.0042  0.0109 -0.0015 -0.0116 -0.0397 -0.0615 -0.0515 -0.0451  0.1815  0.2072  0.2388  0.2801  0.4272  0.5806  0.7566  1.0000  0.7659  0.5535  0.4149  0.3041  0.2002  0.1366  0.0943  0.0585 -0.0028 -0.0501 -0.0007  0.0700  0.0482  0.0330  0.0535  0.0749  0.0412  0.0032 -0.0045 -0.0133 -0.0145 -0.0186 -0.0042  0.0109 -0.0015 -0.0116 -0.0397 -0.0615 -0.0515 -0.0451  0.1815  0.2072  0.2388  0.2801  0.4272  0.5806  0.7566  1.0000
    86   biomA    1.3018e+005 1.3660e+004   0.0475  0.0950  0.1407  0.1934  0.2579  0.3455  0.4403  0.5523  0.7659  1.0000  0.7580  0.5784  0.4377  0.3112  0.2217  0.1651  0.1213  0.0927  0.0724  0.0475 -0.0021 -0.0022 -0.0029 -0.0164 -0.0282 -0.0148  0.0004  0.0031  0.0063  0.0065  0.0081  0.0019 -0.0044  0.0007  0.0049  0.0167  0.0258  0.0216  0.0189  0.0950  0.1407  0.1934  0.2579  0.3455  0.4403  0.5523  0.7659  1.0000  0.7580  0.5784  0.4377  0.3112  0.2217  0.1651  0.1213  0.0927  0.0724  0.0475 -0.0021 -0.0022 -0.0029 -0.0164 -0.0282 -0.0148  0.0004  0.0031  0.0063  0.0065  0.0081  0.0019 -0.0044  0.0007  0.0049  0.0167  0.0258  0.0216  0.0189  0.0950  0.1407  0.1934  0.2579  0.3455  0.4403  0.5523  0.7659  1.0000
    87   biomA    1.2726e+005 1.2865e+004   0.2162  0.0092  0.0774  0.1539  0.2450  0.2745  0.3124  0.3623  0.5535  0.7580  1.0000  0.7707  0.5936  0.4386  0.3187  0.2451  0.1912  0.1954  0.2022  0.0993 -0.0770 -0.0545 -0.0402 -0.0895 -0.1361 -0.0734 -0.0025  0.0110  0.0269  0.0286  0.0361  0.0083 -0.0205  0.0030  0.0222  0.0758  0.1172  0.0981  0.0861  0.0092  0.0774  0.1539  0.2450  0.2745  0.3124  0.3623  0.5535  0.7580  1.0000  0.7707  0.5936  0.4386  0.3187  0.2451  0.1912  0.1954  0.2022  0.0993 -0.0770 -0.0545 -0.0402 -0.0895 -0.1361 -0.0734 -0.0025  0.0110  0.0269  0.0286  0.0361  0.0083 -0.0205  0.0030  0.0222  0.0758  0.1172  0.0981  0.0861  0.0092  0.0774  0.1539  0.2450  0.2745  0.3124  0.3623  0.5535  0.7580  1.0000
    88   biomA    1.2668e+005 1.3117e+004   0.2142 -0.0102  0.0510  0.1194  0.2005  0.2129  0.2326  0.2610  0.4149  0.5784  0.7707  1.0000  0.7657  0.5587  0.4034  0.3072  0.2353  0.2223  0.2165  0.1133 -0.0677 -0.0484 -0.0364 -0.0867 -0.1339 -0.0720 -0.0019  0.0113  0.0269  0.0284  0.0358  0.0083 -0.0203  0.0030  0.0221  0.0751  0.1161  0.0972  0.0853 -0.0102  0.0510  0.1194  0.2005  0.2129  0.2326  0.2610  0.4149  0.5784  0.7707  1.0000  0.7657  0.5587  0.4034  0.3072  0.2353  0.2223  0.2165  0.1133 -0.0677 -0.0484 -0.0364 -0.0867 -0.1339 -0.0720 -0.0019  0.0113  0.0269  0.0284  0.0358  0.0083 -0.0203  0.0030  0.0221  0.0751  0.1161  0.0972  0.0853 -0.0102  0.0510  0.1194  0.2005  0.2129  0.2326  0.2610  0.4149  0.5784  0.7707  1.0000
    89   biomA    1.2609e+005 1.2430e+004   0.2283 -0.0308  0.0279  0.0931  0.1699  0.1657  0.1682  0.1769  0.3041  0.4377  0.5936  0.7657  1.0000  0.7240  0.5207  0.3940  0.2982  0.2667  0.2475  0.1361 -0.0633 -0.0457 -0.0352 -0.0905 -0.1417 -0.0759 -0.0015  0.0124  0.0289  0.0305  0.0383  0.0089 -0.0216  0.0033  0.0235  0.0801  0.1238  0.1036  0.0909 -0.0308  0.0279  0.0931  0.1699  0.1657  0.1682  0.1769  0.3041  0.4377  0.5936  0.7657  1.0000  0.7240  0.5207  0.3940  0.2982  0.2667  0.2475  0.1361 -0.0633 -0.0457 -0.0352 -0.0905 -0.1417 -0.0759 -0.0015  0.0124  0.0289  0.0305  0.0383  0.0089 -0.0216  0.0033  0.0235  0.0801  0.1238  0.1036  0.0909 -0.0308  0.0279  0.0931  0.1699  0.1657  0.1682  0.1769  0.3041  0.4377  0.5936  0.7657  1.0000
    90   biomA    1.2551e+005 1.0655e+004   0.2689 -0.0591  0.0025  0.0705  0.1501  0.1253  0.1069  0.0924  0.2002  0.3112  0.4386  0.5587  0.7240  1.0000  0.7173  0.5403  0.4056  0.3482  0.3107  0.1779 -0.0644 -0.0472 -0.0373 -0.1043 -0.1657 -0.0885 -0.0011  0.0151  0.0343  0.0361  0.0452  0.0106 -0.0254  0.0039  0.0277  0.0944  0.1458  0.1221  0.1071 -0.0591  0.0025  0.0705  0.1501  0.1253  0.1069  0.0924  0.2002  0.3112  0.4386  0.5587  0.7240  1.0000  0.7173  0.5403  0.4056  0.3482  0.3107  0.1779 -0.0644 -0.0472 -0.0373 -0.1043 -0.1657 -0.0885 -0.0011  0.0151  0.0343  0.0361  0.0452  0.0106 -0.0254  0.0039  0.0277  0.0944  0.1458  0.1221  0.1071 -0.0591  0.0025  0.0705  0.1501  0.1253  0.1069  0.0924  0.2002  0.3112  0.4386  0.5587  0.7240  1.0000
    91   biomA    1.2622e+005 1.2066e+004   0.2318 -0.0561 -0.0048  0.0518  0.1180  0.0921  0.0714  0.0533  0.1366  0.2217  0.3187  0.4034  0.5207  0.7173  1.0000  0.7458  0.5491  0.4253  0.3381  0.2180 -0.0182 -0.0161 -0.0171 -0.0817 -0.1385 -0.0729  0.0014  0.0146  0.0306  0.0318  0.0394  0.0094 -0.0217  0.0034  0.0240  0.0814  0.1257  0.1052  0.0923 -0.0561 -0.0048  0.0518  0.1180  0.0921  0.0714  0.0533  0.1366  0.2217  0.3187  0.4034  0.5207  0.7173  1.0000  0.7458  0.5491  0.4253  0.3381  0.2180 -0.0182 -0.0161 -0.0171 -0.0817 -0.1385 -0.0729  0.0014  0.0146  0.0306  0.0318  0.0394  0.0094 -0.0217  0.0034  0.0240  0.0814  0.1257  0.1052  0.0923 -0.0561 -0.0048  0.0518  0.1180  0.0921  0.0714  0.0533  0.1366  0.2217  0.3187  0.4034  0.5207  0.7173  1.0000
    92   biomA    1.2693e+005 1.2277e+004   0.2221 -0.0591 -0.0116  0.0406  0.1015  0.0720  0.0473  0.0242  0.0943  0.1651  0.2451  0.3072  0.3940  0.5403  0.7458  1.0000  0.7295  0.5352  0.3957  0.2748  0.0205  0.0096 -0.0011 -0.0699 -0.1283 -0.0664  0.0038  0.0156  0.0304  0.0311  0.0382  0.0093 -0.0207  0.0034  0.0230  0.0780  0.1205  0.1009  0.0885 -0.0591 -0.0116  0.0406  0.1015  0.0720  0.0473  0.0242  0.0943  0.1651  0.2451  0.3072  0.3940  0.5403  0.7458  1.0000  0.7295  0.5352  0.3957  0.2748  0.0205  0.0096 -0.0011 -0.0699 -0.1283 -0.0664  0.0038  0.0156  0.0304  0.0311  0.0382  0.0093 -0.0207  0.0034  0.0230  0.0780  0.1205  0.1009  0.0885 -0.0591 -0.0116  0.0406  0.1015  0.0720  0.0473  0.0242  0.0943  0.1651  0.2451  0.3072  0.3940  0.5403  0.7458  1.0000
    93   biomA    1.2764e+005 1.1313e+004   0.2349 -0.0684 -0.0202  0.0328  0.0943  0.0579  0.0263 -0.0046  0.0585  0.1213  0.1912  0.2353  0.2982  0.4056  0.5491  0.7295  1.0000  0.7093  0.4990  0.3646  0.0643  0.0384  0.0161 -0.0644 -0.1307 -0.0664  0.0067  0.0183  0.0333  0.0337  0.0409  0.0101 -0.0217  0.0037  0.0244  0.0825  0.1275  0.1067  0.0936 -0.0684 -0.0202  0.0328  0.0943  0.0579  0.0263 -0.0046  0.0585  0.1213  0.1912  0.2353  0.2982  0.4056  0.5491  0.7295  1.0000  0.7093  0.4990  0.3646  0.0643  0.0384  0.0161 -0.0644 -0.1307 -0.0664  0.0067  0.0183  0.0333  0.0337  0.0409  0.0101 -0.0217  0.0037  0.0244  0.0825  0.1275  0.1067  0.0936 -0.0684 -0.0202  0.0328  0.0943  0.0579  0.0263 -0.0046  0.0585  0.1213  0.1912  0.2353  0.2982  0.4056  0.5491  0.7295  1.0000
