 The logarithm of the determinant of the hessian = 1.32552
 index   name       value      std dev       1       2       3       4       5       6       7       8       9      10      11      12      13      14      15      16      17      18      19      20      21      22      23      24      25      26      27      28      29      30      31      32      33      34      35      36      37      38      39      40      41      42      43      44      45      46      47      48      49      50      51      52      53      54      55      56      57      58      59      60      61      62      63      64      65      66      67      68      69      70      71      72      73      74      75      76      77   
     1   logSdLam -2.6602e+000 5.1543e-001   1.0000
     2   biom     1.1862e+001 1.1154e-001  -0.3188  1.0000
     3   biom     1.1835e+001 1.0710e-001  -0.1503  0.8024  1.0000
     4   biom     1.1807e+001 1.0100e-001   0.0333  0.5974  0.7826  1.0000
     5   biom     1.1780e+001 9.2928e-002   0.2457  0.3738  0.5488  0.7510  1.0000
     6   biom     1.1793e+001 9.8021e-002   0.0748  0.3297  0.4468  0.5834  0.7532  1.0000
     7   biom     1.1806e+001 9.9230e-002  -0.0823  0.3014  0.3688  0.4493  0.5516  0.7676  1.0000
     8   biom     1.1819e+001 9.6702e-002  -0.2448  0.2843  0.3040  0.3307  0.3685  0.5618  0.7647  1.0000
     9   biom     1.1798e+001 1.0072e-001  -0.0897  0.1925  0.2257  0.2662  0.3185  0.4541  0.5989  0.7687  1.0000
    10   biom     1.1777e+001 1.0101e-001   0.0554  0.1116  0.1592  0.2143  0.2823  0.3678  0.4622  0.5758  0.7778  1.0000
    11   biom     1.1757e+001 9.7592e-002   0.2072  0.0325  0.0965  0.1688  0.2557  0.2926  0.3387  0.3984  0.5780  0.7713  1.0000
    12   biom     1.1752e+001 9.9560e-002   0.2114  0.0085  0.0665  0.1317  0.2097  0.2293  0.2566  0.2942  0.4405  0.5969  0.7810  1.0000
    13   biom     1.1747e+001 9.5096e-002   0.2300 -0.0155  0.0403  0.1026  0.1766  0.1797  0.1897  0.2071  0.3293  0.4584  0.6090  0.7761  1.0000
    14   biom     1.1743e+001 8.3174e-002   0.2728 -0.0457  0.0125  0.0770  0.1529  0.1366  0.1267  0.1215  0.2256  0.3336  0.4577  0.5776  0.7397  1.0000
    15   biom     1.1748e+001 9.2336e-002   0.2406 -0.0469  0.0025  0.0570  0.1211  0.1019  0.0879  0.0771  0.1590  0.2433  0.3395  0.4262  0.5441  0.7339  1.0000
    16   biom     1.1754e+001 9.3266e-002   0.2330 -0.0521 -0.0063  0.0443  0.1034  0.0799  0.0610  0.0442  0.1136  0.1842  0.2641  0.3289  0.4177  0.5614  0.7579  1.0000
    17   biom     1.1760e+001 8.6229e-002   0.2465 -0.0625 -0.0162  0.0347  0.0941  0.0638  0.0379  0.0132  0.0755  0.1380  0.2077  0.2550  0.3209  0.4285  0.5686  0.7438  1.0000
    18   biom     1.1746e+001 9.7604e-002   0.4694 -0.1391 -0.0569  0.0329  0.1372  0.0647 -0.0006 -0.0669  0.0216  0.1072  0.1995  0.2317  0.2805  0.3639  0.4455  0.5575  0.7290  1.0000
    19   biom     1.1731e+001 1.0594e-001   0.6643 -0.2055 -0.0917  0.0324  0.1762  0.0673 -0.0320 -0.1340 -0.0216  0.0852  0.1986  0.2194  0.2556  0.3218  0.3580  0.4219  0.5292  0.7765  1.0000
    20   biom     1.1809e+001 8.2297e-002   0.2198 -0.0645 -0.0258  0.0166  0.0657  0.0323  0.0022 -0.0282  0.0143  0.0555  0.1002  0.1173  0.1427  0.1860  0.2306  0.2906  0.3818  0.5197  0.6469  1.0000
    21   biom     1.1886e+001 7.7313e-002  -0.4423  0.1444  0.0709 -0.0092 -0.1017 -0.0236  0.0486  0.1237  0.0601  0.0015 -0.0589 -0.0510 -0.0464 -0.0450  0.0003  0.0407  0.0877  0.0425  0.0069  0.4742  1.0000
    22   biom     1.1889e+001 7.8878e-002  -0.3273  0.1066  0.0521 -0.0072 -0.0757 -0.0181  0.0351  0.0904  0.0430 -0.0008 -0.0459 -0.0408 -0.0383 -0.0388 -0.0076  0.0196  0.0506  0.0132 -0.0168  0.3093  0.6814  1.0000
    23   biom     1.1892e+001 6.6820e-002  -0.2608  0.0846  0.0410 -0.0064 -0.0611 -0.0155  0.0266  0.0703  0.0320 -0.0036 -0.0403 -0.0374 -0.0368 -0.0395 -0.0181 -0.0007  0.0180 -0.0179 -0.0475  0.1816  0.4517  0.6449  1.0000
    24   biom     1.1912e+001 8.3163e-002  -0.4402  0.1412  0.0672 -0.0133 -0.1065 -0.0307  0.0392  0.1114  0.0444 -0.0182 -0.0834 -0.0829 -0.0880 -0.1020 -0.0804 -0.0683 -0.0616 -0.1469 -0.2206  0.0397  0.3868  0.4636  0.6470  1.0000
    25   biom     1.1932e+001 8.9280e-002  -0.6249  0.1997  0.0945 -0.0201 -0.1526 -0.0455  0.0531  0.1550  0.0588 -0.0312 -0.1252 -0.1265 -0.1364 -0.1605 -0.1363 -0.1267 -0.1281 -0.2604 -0.3755 -0.0620  0.3825  0.3810  0.4569  0.7203  1.0000
    26   biom     1.1885e+001 8.4834e-002  -0.3553  0.1136  0.0539 -0.0113 -0.0866 -0.0256  0.0305  0.0885  0.0340 -0.0170 -0.0703 -0.0707 -0.0760 -0.0891 -0.0745 -0.0680 -0.0673 -0.1410 -0.2051 -0.0193  0.2398  0.2538  0.3218  0.5035  0.6972  1.0000
    27   biom     1.1838e+001 7.6536e-002  -0.0586  0.0189  0.0091 -0.0015 -0.0139 -0.0037  0.0057  0.0155  0.0068 -0.0013 -0.0097 -0.0092 -0.0094 -0.0104 -0.0062 -0.0030  0.0001 -0.0090 -0.0166  0.0295  0.0855  0.1183  0.1804  0.2760  0.3791  0.6506  1.0000
    28   biom     1.1810e+001 8.0948e-002   0.0129 -0.0040 -0.0017  0.0007  0.0035  0.0014 -0.0004 -0.0024 -0.0001  0.0020  0.0043  0.0049  0.0058  0.0073  0.0085  0.0103  0.0131  0.0187  0.0238  0.0317  0.0349  0.0633  0.1091  0.1647  0.2252  0.4244  0.6780  1.0000
    29   biom     1.1781e+001 7.4077e-002   0.0888 -0.0282 -0.0132  0.0031  0.0220  0.0070 -0.0069 -0.0212 -0.0073  0.0058  0.0195  0.0202  0.0223  0.0268  0.0249  0.0255  0.0285  0.0501  0.0691  0.0388 -0.0121  0.0161  0.0521  0.0749  0.1005  0.2553  0.4487  0.6697  1.0000
    30   biom     1.1759e+001 7.8865e-002   0.1009 -0.0321 -0.0151  0.0035  0.0249  0.0078 -0.0080 -0.0244 -0.0086  0.0062  0.0216  0.0223  0.0244  0.0292  0.0267  0.0267  0.0293  0.0529  0.0737  0.0349 -0.0266 -0.0031  0.0235  0.0311  0.0403  0.1542  0.2948  0.4442  0.6662  1.0000
    31   biom     1.1737e+001 7.0851e-002   0.1318 -0.0420 -0.0198  0.0045  0.0325  0.0100 -0.0107 -0.0320 -0.0115  0.0077  0.0278  0.0285  0.0311  0.0371  0.0333  0.0328  0.0353  0.0655  0.0919  0.0372 -0.0467 -0.0238 -0.0021 -0.0091 -0.0154  0.0763  0.1871  0.2887  0.4376  0.6547  1.0000
    32   biom     1.1728e+001 7.4628e-002   0.0138 -0.0044 -0.0020  0.0005  0.0035  0.0011 -0.0010 -0.0032 -0.0011  0.0010  0.0032  0.0033  0.0037  0.0045  0.0043  0.0046  0.0052  0.0088  0.0120  0.0084  0.0014  0.0079  0.0171  0.0253  0.0344  0.0742  0.1244  0.1846  0.2749  0.4135  0.6332  1.0000
    33   biom     1.1719e+001 6.4242e-002  -0.1132  0.0361  0.0170 -0.0037 -0.0278 -0.0084  0.0094  0.0278  0.0103 -0.0061 -0.0233 -0.0237 -0.0257 -0.0305 -0.0266 -0.0256 -0.0268 -0.0517 -0.0735 -0.0217  0.0546  0.0446  0.0421  0.0689  0.0969  0.0882  0.0826  0.1105  0.1561  0.2387  0.3683  0.6052  1.0000
    34   biom     1.1691e+001 7.7549e-002  -0.0225  0.0072  0.0034 -0.0007 -0.0055 -0.0016  0.0019  0.0056  0.0021 -0.0012 -0.0045 -0.0046 -0.0050 -0.0059 -0.0050 -0.0047 -0.0049 -0.0097 -0.0139 -0.0029  0.0128  0.0121  0.0137  0.0218  0.0304  0.0380  0.0488  0.0697  0.1019  0.1541  0.2366  0.3791  0.6198  1.0000
    35   biom     1.1664e+001 7.7807e-002   0.0486 -0.0155 -0.0073  0.0016  0.0120  0.0037 -0.0040 -0.0119 -0.0043  0.0028  0.0102  0.0104  0.0113  0.0135  0.0120  0.0117  0.0125  0.0234  0.0330  0.0120 -0.0196 -0.0127 -0.0074 -0.0134 -0.0194  0.0029  0.0291  0.0477  0.0742  0.1101  0.1676  0.2560  0.4098  0.6714  1.0000
    36   biom     1.1622e+001 8.8764e-002   0.2779 -0.0886 -0.0418  0.0093  0.0683  0.0208 -0.0229 -0.0680 -0.0249  0.0154  0.0576  0.0588  0.0640  0.0759  0.0670  0.0650  0.0688  0.1309  0.1851  0.0620 -0.1217 -0.0888 -0.0689 -0.1170 -0.1663 -0.0852  0.0052  0.0352  0.0715  0.0986  0.1447  0.1750  0.2469  0.4445  0.6823  1.0000
    37   biom     1.1581e+001 9.4576e-002   0.4817 -0.1536 -0.0724  0.0161  0.1183  0.0360 -0.0396 -0.1179 -0.0432  0.0267  0.0999  0.1019  0.1108  0.1315  0.1160  0.1124  0.1189  0.2264  0.3203  0.1065 -0.2122 -0.1563 -0.1233 -0.2086 -0.2962 -0.1623 -0.0143  0.0267  0.0732  0.0944  0.1337  0.1179  0.1263  0.2821  0.4579  0.7335  1.0000
    38   biom     1.1576e+001 1.0378e-001   0.4026 -0.1284 -0.0605  0.0134  0.0989  0.0301 -0.0331 -0.0985 -0.0361  0.0223  0.0835  0.0851  0.0926  0.1099  0.0969  0.0939  0.0994  0.1892  0.2677  0.0889 -0.1775 -0.1307 -0.1032 -0.1746 -0.2479 -0.1363 -0.0129  0.0210  0.0592  0.0759  0.1071  0.0911  0.0936  0.2163  0.3539  0.5732  0.7848  1.0000
    39   biom     1.1572e+001 1.0694e-001   0.3555 -0.1133 -0.0534  0.0118  0.0873  0.0266 -0.0293 -0.0870 -0.0319  0.0197  0.0737  0.0752  0.0818  0.0970  0.0856  0.0829  0.0878  0.1670  0.2363  0.0785 -0.1567 -0.1155 -0.0913 -0.1544 -0.2192 -0.1209 -0.0123  0.0171  0.0501  0.0638  0.0896  0.0726  0.0699  0.1704  0.2819  0.4640  0.6390  0.8063  1.0000
    40   biomsd   1.1862e+001 1.1154e-001  -0.3188  1.0000  0.8024  0.5974  0.3738  0.3297  0.3014  0.2843  0.1925  0.1116  0.0325  0.0085 -0.0155 -0.0457 -0.0469 -0.0521 -0.0625 -0.1391 -0.2055 -0.0645  0.1444  0.1066  0.0846  0.1412  0.1997  0.1136  0.0189 -0.0040 -0.0282 -0.0321 -0.0420 -0.0044  0.0361  0.0072 -0.0155 -0.0886 -0.1536 -0.1284 -0.1133  1.0000
    41   biomsd   1.1835e+001 1.0710e-001  -0.1503  0.8024  1.0000  0.7826  0.5488  0.4468  0.3688  0.3040  0.2257  0.1592  0.0965  0.0665  0.0403  0.0125  0.0025 -0.0063 -0.0162 -0.0569 -0.0917 -0.0258  0.0709  0.0521  0.0410  0.0672  0.0945  0.0539  0.0091 -0.0017 -0.0132 -0.0151 -0.0198 -0.0020  0.0170  0.0034 -0.0073 -0.0418 -0.0724 -0.0605 -0.0534  0.8024  1.0000
    42   biomsd   1.1807e+001 1.0100e-001   0.0333  0.5974  0.7826  1.0000  0.7510  0.5834  0.4493  0.3307  0.2662  0.2143  0.1688  0.1317  0.1026  0.0770  0.0570  0.0443  0.0347  0.0329  0.0324  0.0166 -0.0092 -0.0072 -0.0064 -0.0133 -0.0201 -0.0113 -0.0015  0.0007  0.0031  0.0035  0.0045  0.0005 -0.0037 -0.0007  0.0016  0.0093  0.0161  0.0134  0.0118  0.5974  0.7826  1.0000
    43   biomsd   1.1780e+001 9.2928e-002   0.2457  0.3738  0.5488  0.7510  1.0000  0.7532  0.5516  0.3685  0.3185  0.2823  0.2557  0.2097  0.1766  0.1529  0.1211  0.1034  0.0941  0.1372  0.1762  0.0657 -0.1017 -0.0757 -0.0611 -0.1065 -0.1526 -0.0866 -0.0139  0.0035  0.0220  0.0249  0.0325  0.0035 -0.0278 -0.0055  0.0120  0.0683  0.1183  0.0989  0.0873  0.3738  0.5488  0.7510  1.0000
    44   biomsd   1.1793e+001 9.8021e-002   0.0748  0.3297  0.4468  0.5834  0.7532  1.0000  0.7676  0.5618  0.4541  0.3678  0.2926  0.2293  0.1797  0.1366  0.1019  0.0799  0.0638  0.0647  0.0673  0.0323 -0.0236 -0.0181 -0.0155 -0.0307 -0.0455 -0.0256 -0.0037  0.0014  0.0070  0.0078  0.0100  0.0011 -0.0084 -0.0016  0.0037  0.0208  0.0360  0.0301  0.0266  0.3297  0.4468  0.5834  0.7532  1.0000
    45   biomsd   1.1806e+001 9.9230e-002  -0.0823  0.3014  0.3688  0.4493  0.5516  0.7676  1.0000  0.7647  0.5989  0.4622  0.3387  0.2566  0.1897  0.1267  0.0879  0.0610  0.0379 -0.0006 -0.0320  0.0022  0.0486  0.0351  0.0266  0.0392  0.0531  0.0305  0.0057 -0.0004 -0.0069 -0.0080 -0.0107 -0.0010  0.0094  0.0019 -0.0040 -0.0229 -0.0396 -0.0331 -0.0293  0.3014  0.3688  0.4493  0.5516  0.7676  1.0000
    46   biomsd   1.1819e+001 9.6702e-002  -0.2448  0.2843  0.3040  0.3307  0.3685  0.5618  0.7647  1.0000  0.7687  0.5758  0.3984  0.2942  0.2071  0.1215  0.0771  0.0442  0.0132 -0.0669 -0.1340 -0.0282  0.1237  0.0904  0.0703  0.1114  0.1550  0.0885  0.0155 -0.0024 -0.0212 -0.0244 -0.0320 -0.0032  0.0278  0.0056 -0.0119 -0.0680 -0.1179 -0.0985 -0.0870  0.2843  0.3040  0.3307  0.3685  0.5618  0.7647  1.0000
    47   biomsd   1.1798e+001 1.0072e-001  -0.0897  0.1925  0.2257  0.2662  0.3185  0.4541  0.5989  0.7687  1.0000  0.7778  0.5780  0.4405  0.3293  0.2256  0.1590  0.1136  0.0755  0.0216 -0.0216  0.0143  0.0601  0.0430  0.0320  0.0444  0.0588  0.0340  0.0068 -0.0001 -0.0073 -0.0086 -0.0115 -0.0011  0.0103  0.0021 -0.0043 -0.0249 -0.0432 -0.0361 -0.0319  0.1925  0.2257  0.2662  0.3185  0.4541  0.5989  0.7687  1.0000
    48   biomsd   1.1777e+001 1.0101e-001   0.0554  0.1116  0.1592  0.2143  0.2823  0.3678  0.4622  0.5758  0.7778  1.0000  0.7713  0.5969  0.4584  0.3336  0.2433  0.1842  0.1380  0.1072  0.0852  0.0555  0.0015 -0.0008 -0.0036 -0.0182 -0.0312 -0.0170 -0.0013  0.0020  0.0058  0.0062  0.0077  0.0010 -0.0061 -0.0012  0.0028  0.0154  0.0267  0.0223  0.0197  0.1116  0.1592  0.2143  0.2823  0.3678  0.4622  0.5758  0.7778  1.0000
    49   biomsd   1.1757e+001 9.7592e-002   0.2072  0.0325  0.0965  0.1688  0.2557  0.2926  0.3387  0.3984  0.5780  0.7713  1.0000  0.7810  0.6090  0.4577  0.3395  0.2641  0.2077  0.1995  0.1986  0.1002 -0.0589 -0.0459 -0.0403 -0.0834 -0.1252 -0.0703 -0.0097  0.0043  0.0195  0.0216  0.0278  0.0032 -0.0233 -0.0045  0.0102  0.0576  0.0999  0.0835  0.0737  0.0325  0.0965  0.1688  0.2557  0.2926  0.3387  0.3984  0.5780  0.7713  1.0000
    50   biomsd   1.1752e+001 9.9560e-002   0.2114  0.0085  0.0665  0.1317  0.2097  0.2293  0.2566  0.2942  0.4405  0.5969  0.7810  1.0000  0.7761  0.5776  0.4262  0.3289  0.2550  0.2317  0.2194  0.1173 -0.0510 -0.0408 -0.0374 -0.0829 -0.1265 -0.0707 -0.0092  0.0049  0.0202  0.0223  0.0285  0.0033 -0.0237 -0.0046  0.0104  0.0588  0.1019  0.0851  0.0752  0.0085  0.0665  0.1317  0.2097  0.2293  0.2566  0.2942  0.4405  0.5969  0.7810  1.0000
    51   biomsd   1.1747e+001 9.5096e-002   0.2300 -0.0155  0.0403  0.1026  0.1766  0.1797  0.1897  0.2071  0.3293  0.4584  0.6090  0.7761  1.0000  0.7397  0.5441  0.4177  0.3209  0.2805  0.2556  0.1427 -0.0464 -0.0383 -0.0368 -0.0880 -0.1364 -0.0760 -0.0094  0.0058  0.0223  0.0244  0.0311  0.0037 -0.0257 -0.0050  0.0113  0.0640  0.1108  0.0926  0.0818 -0.0155  0.0403  0.1026  0.1766  0.1797  0.1897  0.2071  0.3293  0.4584  0.6090  0.7761  1.0000
    52   biomsd   1.1743e+001 8.3174e-002   0.2728 -0.0457  0.0125  0.0770  0.1529  0.1366  0.1267  0.1215  0.2256  0.3336  0.4577  0.5776  0.7397  1.0000  0.7339  0.5614  0.4285  0.3639  0.3218  0.1860 -0.0450 -0.0388 -0.0395 -0.1020 -0.1605 -0.0891 -0.0104  0.0073  0.0268  0.0292  0.0371  0.0045 -0.0305 -0.0059  0.0135  0.0759  0.1315  0.1099  0.0970 -0.0457  0.0125  0.0770  0.1529  0.1366  0.1267  0.1215  0.2256  0.3336  0.4577  0.5776  0.7397  1.0000
    53   biomsd   1.1748e+001 9.2336e-002   0.2406 -0.0469  0.0025  0.0570  0.1211  0.1019  0.0879  0.0771  0.1590  0.2433  0.3395  0.4262  0.5441  0.7339  1.0000  0.7579  0.5686  0.4455  0.3580  0.2306  0.0003 -0.0076 -0.0181 -0.0804 -0.1363 -0.0745 -0.0062  0.0085  0.0249  0.0267  0.0333  0.0043 -0.0266 -0.0050  0.0120  0.0670  0.1160  0.0969  0.0856 -0.0469  0.0025  0.0570  0.1211  0.1019  0.0879  0.0771  0.1590  0.2433  0.3395  0.4262  0.5441  0.7339  1.0000
    54   biomsd   1.1754e+001 9.3266e-002   0.2330 -0.0521 -0.0063  0.0443  0.1034  0.0799  0.0610  0.0442  0.1136  0.1842  0.2641  0.3289  0.4177  0.5614  0.7579  1.0000  0.7438  0.5575  0.4219  0.2906  0.0407  0.0196 -0.0007 -0.0683 -0.1267 -0.0680 -0.0030  0.0103  0.0255  0.0267  0.0328  0.0046 -0.0256 -0.0047  0.0117  0.0650  0.1124  0.0939  0.0829 -0.0521 -0.0063  0.0443  0.1034  0.0799  0.0610  0.0442  0.1136  0.1842  0.2641  0.3289  0.4177  0.5614  0.7579  1.0000
    55   biomsd   1.1760e+001 8.6229e-002   0.2465 -0.0625 -0.0162  0.0347  0.0941  0.0638  0.0379  0.0132  0.0755  0.1380  0.2077  0.2550  0.3209  0.4285  0.5686  0.7438  1.0000  0.7290  0.5292  0.3818  0.0877  0.0506  0.0180 -0.0616 -0.1281 -0.0673  0.0001  0.0131  0.0285  0.0293  0.0353  0.0052 -0.0268 -0.0049  0.0125  0.0688  0.1189  0.0994  0.0878 -0.0625 -0.0162  0.0347  0.0941  0.0638  0.0379  0.0132  0.0755  0.1380  0.2077  0.2550  0.3209  0.4285  0.5686  0.7438  1.0000
    56   biomsd   1.1746e+001 9.7604e-002   0.4694 -0.1391 -0.0569  0.0329  0.1372  0.0647 -0.0006 -0.0669  0.0216  0.1072  0.1995  0.2317  0.2805  0.3639  0.4455  0.5575  0.7290  1.0000  0.7765  0.5197  0.0425  0.0132 -0.0179 -0.1469 -0.2604 -0.1410 -0.0090  0.0187  0.0501  0.0529  0.0655  0.0088 -0.0517 -0.0097  0.0234  0.1309  0.2264  0.1892  0.1670 -0.1391 -0.0569  0.0329  0.1372  0.0647 -0.0006 -0.0669  0.0216  0.1072  0.1995  0.2317  0.2805  0.3639  0.4455  0.5575  0.7290  1.0000
    57   biomsd   1.1731e+001 1.0594e-001   0.6643 -0.2055 -0.0917  0.0324  0.1762  0.0673 -0.0320 -0.1340 -0.0216  0.0852  0.1986  0.2194  0.2556  0.3218  0.3580  0.4219  0.5292  0.7765  1.0000  0.6469  0.0069 -0.0168 -0.0475 -0.2206 -0.3755 -0.2051 -0.0166  0.0238  0.0691  0.0737  0.0919  0.0120 -0.0735 -0.0139  0.0330  0.1851  0.3203  0.2677  0.2363 -0.2055 -0.0917  0.0324  0.1762  0.0673 -0.0320 -0.1340 -0.0216  0.0852  0.1986  0.2194  0.2556  0.3218  0.3580  0.4219  0.5292  0.7765  1.0000
    58   biomsd   1.1809e+001 8.2297e-002   0.2198 -0.0645 -0.0258  0.0166  0.0657  0.0323  0.0022 -0.0282  0.0143  0.0555  0.1002  0.1173  0.1427  0.1860  0.2306  0.2906  0.3818  0.5197  0.6469  1.0000  0.4742  0.3093  0.1816  0.0397 -0.0620 -0.0193  0.0295  0.0317  0.0388  0.0349  0.0372  0.0084 -0.0217 -0.0029  0.0120  0.0620  0.1065  0.0889  0.0785 -0.0645 -0.0258  0.0166  0.0657  0.0323  0.0022 -0.0282  0.0143  0.0555  0.1002  0.1173  0.1427  0.1860  0.2306  0.2906  0.3818  0.5197  0.6469  1.0000
    59   biomsd   1.1886e+001 7.7313e-002  -0.4423  0.1444  0.0709 -0.0092 -0.1017 -0.0236  0.0486  0.1237  0.0601  0.0015 -0.0589 -0.0510 -0.0464 -0.0450  0.0003  0.0407  0.0877  0.0425  0.0069  0.4742  1.0000  0.6814  0.4517  0.3868  0.3825  0.2398  0.0855  0.0349 -0.0121 -0.0266 -0.0467  0.0014  0.0546  0.0128 -0.0196 -0.1217 -0.2122 -0.1775 -0.1567  0.1444  0.0709 -0.0092 -0.1017 -0.0236  0.0486  0.1237  0.0601  0.0015 -0.0589 -0.0510 -0.0464 -0.0450  0.0003  0.0407  0.0877  0.0425  0.0069  0.4742  1.0000
    60   biomsd   1.1889e+001 7.8878e-002  -0.3273  0.1066  0.0521 -0.0072 -0.0757 -0.0181  0.0351  0.0904  0.0430 -0.0008 -0.0459 -0.0408 -0.0383 -0.0388 -0.0076  0.0196  0.0506  0.0132 -0.0168  0.3093  0.6814  1.0000  0.6449  0.4636  0.3810  0.2538  0.1183  0.0633  0.0161 -0.0031 -0.0238  0.0079  0.0446  0.0121 -0.0127 -0.0888 -0.1563 -0.1307 -0.1155  0.1066  0.0521 -0.0072 -0.0757 -0.0181  0.0351  0.0904  0.0430 -0.0008 -0.0459 -0.0408 -0.0383 -0.0388 -0.0076  0.0196  0.0506  0.0132 -0.0168  0.3093  0.6814  1.0000
    61   biomsd   1.1892e+001 6.6820e-002  -0.2608  0.0846  0.0410 -0.0064 -0.0611 -0.0155  0.0266  0.0703  0.0320 -0.0036 -0.0403 -0.0374 -0.0368 -0.0395 -0.0181 -0.0007  0.0180 -0.0179 -0.0475  0.1816  0.4517  0.6449  1.0000  0.6470  0.4569  0.3218  0.1804  0.1091  0.0521  0.0235 -0.0021  0.0171  0.0421  0.0137 -0.0074 -0.0689 -0.1233 -0.1032 -0.0913  0.0846  0.0410 -0.0064 -0.0611 -0.0155  0.0266  0.0703  0.0320 -0.0036 -0.0403 -0.0374 -0.0368 -0.0395 -0.0181 -0.0007  0.0180 -0.0179 -0.0475  0.1816  0.4517  0.6449  1.0000
    62   biomsd   1.1912e+001 8.3163e-002  -0.4402  0.1412  0.0672 -0.0133 -0.1065 -0.0307  0.0392  0.1114  0.0444 -0.0182 -0.0834 -0.0829 -0.0880 -0.1020 -0.0804 -0.0683 -0.0616 -0.1469 -0.2206  0.0397  0.3868  0.4636  0.6470  1.0000  0.7203  0.5035  0.2760  0.1647  0.0749  0.0311 -0.0091  0.0253  0.0689  0.0218 -0.0134 -0.1170 -0.2086 -0.1746 -0.1544  0.1412  0.0672 -0.0133 -0.1065 -0.0307  0.0392  0.1114  0.0444 -0.0182 -0.0834 -0.0829 -0.0880 -0.1020 -0.0804 -0.0683 -0.0616 -0.1469 -0.2206  0.0397  0.3868  0.4636  0.6470  1.0000
    63   biomsd   1.1932e+001 8.9280e-002  -0.6249  0.1997  0.0945 -0.0201 -0.1526 -0.0455  0.0531  0.1550  0.0588 -0.0312 -0.1252 -0.1265 -0.1364 -0.1605 -0.1363 -0.1267 -0.1281 -0.2604 -0.3755 -0.0620  0.3825  0.3810  0.4569  0.7203  1.0000  0.6972  0.3791  0.2252  0.1005  0.0403 -0.0154  0.0344  0.0969  0.0304 -0.0194 -0.1663 -0.2962 -0.2479 -0.2192  0.1997  0.0945 -0.0201 -0.1526 -0.0455  0.0531  0.1550  0.0588 -0.0312 -0.1252 -0.1265 -0.1364 -0.1605 -0.1363 -0.1267 -0.1281 -0.2604 -0.3755 -0.0620  0.3825  0.3810  0.4569  0.7203  1.0000
    64   biomsd   1.1885e+001 8.4834e-002  -0.3553  0.1136  0.0539 -0.0113 -0.0866 -0.0256  0.0305  0.0885  0.0340 -0.0170 -0.0703 -0.0707 -0.0760 -0.0891 -0.0745 -0.0680 -0.0673 -0.1410 -0.2051 -0.0193  0.2398  0.2538  0.3218  0.5035  0.6972  1.0000  0.6506  0.4244  0.2553  0.1542  0.0763  0.0742  0.0882  0.0380  0.0029 -0.0852 -0.1623 -0.1363 -0.1209  0.1136  0.0539 -0.0113 -0.0866 -0.0256  0.0305  0.0885  0.0340 -0.0170 -0.0703 -0.0707 -0.0760 -0.0891 -0.0745 -0.0680 -0.0673 -0.1410 -0.2051 -0.0193  0.2398  0.2538  0.3218  0.5035  0.6972  1.0000
    65   biomsd   1.1838e+001 7.6536e-002  -0.0586  0.0189  0.0091 -0.0015 -0.0139 -0.0037  0.0057  0.0155  0.0068 -0.0013 -0.0097 -0.0092 -0.0094 -0.0104 -0.0062 -0.0030  0.0001 -0.0090 -0.0166  0.0295  0.0855  0.1183  0.1804  0.2760  0.3791  0.6506  1.0000  0.6780  0.4487  0.2948  0.1871  0.1244  0.0826  0.0488  0.0291  0.0052 -0.0143 -0.0129 -0.0123  0.0189  0.0091 -0.0015 -0.0139 -0.0037  0.0057  0.0155  0.0068 -0.0013 -0.0097 -0.0092 -0.0094 -0.0104 -0.0062 -0.0030  0.0001 -0.0090 -0.0166  0.0295  0.0855  0.1183  0.1804  0.2760  0.3791  0.6506  1.0000
    66   biomsd   1.1810e+001 8.0948e-002   0.0129 -0.0040 -0.0017  0.0007  0.0035  0.0014 -0.0004 -0.0024 -0.0001  0.0020  0.0043  0.0049  0.0058  0.0073  0.0085  0.0103  0.0131  0.0187  0.0238  0.0317  0.0349  0.0633  0.1091  0.1647  0.2252  0.4244  0.6780  1.0000  0.6697  0.4442  0.2887  0.1846  0.1105  0.0697  0.0477  0.0352  0.0267  0.0210  0.0171 -0.0040 -0.0017  0.0007  0.0035  0.0014 -0.0004 -0.0024 -0.0001  0.0020  0.0043  0.0049  0.0058  0.0073  0.0085  0.0103  0.0131  0.0187  0.0238  0.0317  0.0349  0.0633  0.1091  0.1647  0.2252  0.4244  0.6780  1.0000
    67   biomsd   1.1781e+001 7.4077e-002   0.0888 -0.0282 -0.0132  0.0031  0.0220  0.0070 -0.0069 -0.0212 -0.0073  0.0058  0.0195  0.0202  0.0223  0.0268  0.0249  0.0255  0.0285  0.0501  0.0691  0.0388 -0.0121  0.0161  0.0521  0.0749  0.1005  0.2553  0.4487  0.6697  1.0000  0.6662  0.4376  0.2749  0.1561  0.1019  0.0742  0.0715  0.0732  0.0592  0.0501 -0.0282 -0.0132  0.0031  0.0220  0.0070 -0.0069 -0.0212 -0.0073  0.0058  0.0195  0.0202  0.0223  0.0268  0.0249  0.0255  0.0285  0.0501  0.0691  0.0388 -0.0121  0.0161  0.0521  0.0749  0.1005  0.2553  0.4487  0.6697  1.0000
    68   biomsd   1.1759e+001 7.8865e-002   0.1009 -0.0321 -0.0151  0.0035  0.0249  0.0078 -0.0080 -0.0244 -0.0086  0.0062  0.0216  0.0223  0.0244  0.0292  0.0267  0.0267  0.0293  0.0529  0.0737  0.0349 -0.0266 -0.0031  0.0235  0.0311  0.0403  0.1542  0.2948  0.4442  0.6662  1.0000  0.6547  0.4135  0.2387  0.1541  0.1101  0.0986  0.0944  0.0759  0.0638 -0.0321 -0.0151  0.0035  0.0249  0.0078 -0.0080 -0.0244 -0.0086  0.0062  0.0216  0.0223  0.0244  0.0292  0.0267  0.0267  0.0293  0.0529  0.0737  0.0349 -0.0266 -0.0031  0.0235  0.0311  0.0403  0.1542  0.2948  0.4442  0.6662  1.0000
    69   biomsd   1.1737e+001 7.0851e-002   0.1318 -0.0420 -0.0198  0.0045  0.0325  0.0100 -0.0107 -0.0320 -0.0115  0.0077  0.0278  0.0285  0.0311  0.0371  0.0333  0.0328  0.0353  0.0655  0.0919  0.0372 -0.0467 -0.0238 -0.0021 -0.0091 -0.0154  0.0763  0.1871  0.2887  0.4376  0.6547  1.0000  0.6332  0.3683  0.2366  0.1676  0.1447  0.1337  0.1071  0.0896 -0.0420 -0.0198  0.0045  0.0325  0.0100 -0.0107 -0.0320 -0.0115  0.0077  0.0278  0.0285  0.0311  0.0371  0.0333  0.0328  0.0353  0.0655  0.0919  0.0372 -0.0467 -0.0238 -0.0021 -0.0091 -0.0154  0.0763  0.1871  0.2887  0.4376  0.6547  1.0000
    70   biomsd   1.1728e+001 7.4628e-002   0.0138 -0.0044 -0.0020  0.0005  0.0035  0.0011 -0.0010 -0.0032 -0.0011  0.0010  0.0032  0.0033  0.0037  0.0045  0.0043  0.0046  0.0052  0.0088  0.0120  0.0084  0.0014  0.0079  0.0171  0.0253  0.0344  0.0742  0.1244  0.1846  0.2749  0.4135  0.6332  1.0000  0.6052  0.3791  0.2560  0.1750  0.1179  0.0911  0.0726 -0.0044 -0.0020  0.0005  0.0035  0.0011 -0.0010 -0.0032 -0.0011  0.0010  0.0032  0.0033  0.0037  0.0045  0.0043  0.0046  0.0052  0.0088  0.0120  0.0084  0.0014  0.0079  0.0171  0.0253  0.0344  0.0742  0.1244  0.1846  0.2749  0.4135  0.6332  1.0000
    71   biomsd   1.1719e+001 6.4242e-002  -0.1132  0.0361  0.0170 -0.0037 -0.0278 -0.0084  0.0094  0.0278  0.0103 -0.0061 -0.0233 -0.0237 -0.0257 -0.0305 -0.0266 -0.0256 -0.0268 -0.0517 -0.0735 -0.0217  0.0546  0.0446  0.0421  0.0689  0.0969  0.0882  0.0826  0.1105  0.1561  0.2387  0.3683  0.6052  1.0000  0.6198  0.4098  0.2469  0.1263  0.0936  0.0699  0.0361  0.0170 -0.0037 -0.0278 -0.0084  0.0094  0.0278  0.0103 -0.0061 -0.0233 -0.0237 -0.0257 -0.0305 -0.0266 -0.0256 -0.0268 -0.0517 -0.0735 -0.0217  0.0546  0.0446  0.0421  0.0689  0.0969  0.0882  0.0826  0.1105  0.1561  0.2387  0.3683  0.6052  1.0000
    72   biomsd   1.1691e+001 7.7549e-002  -0.0225  0.0072  0.0034 -0.0007 -0.0055 -0.0016  0.0019  0.0056  0.0021 -0.0012 -0.0045 -0.0046 -0.0050 -0.0059 -0.0050 -0.0047 -0.0049 -0.0097 -0.0139 -0.0029  0.0128  0.0121  0.0137  0.0218  0.0304  0.0380  0.0488  0.0697  0.1019  0.1541  0.2366  0.3791  0.6198  1.0000  0.6714  0.4445  0.2821  0.2163  0.1704  0.0072  0.0034 -0.0007 -0.0055 -0.0016  0.0019  0.0056  0.0021 -0.0012 -0.0045 -0.0046 -0.0050 -0.0059 -0.0050 -0.0047 -0.0049 -0.0097 -0.0139 -0.0029  0.0128  0.0121  0.0137  0.0218  0.0304  0.0380  0.0488  0.0697  0.1019  0.1541  0.2366  0.3791  0.6198  1.0000
    73   biomsd   1.1664e+001 7.7807e-002   0.0486 -0.0155 -0.0073  0.0016  0.0120  0.0037 -0.0040 -0.0119 -0.0043  0.0028  0.0102  0.0104  0.0113  0.0135  0.0120  0.0117  0.0125  0.0234  0.0330  0.0120 -0.0196 -0.0127 -0.0074 -0.0134 -0.0194  0.0029  0.0291  0.0477  0.0742  0.1101  0.1676  0.2560  0.4098  0.6714  1.0000  0.6823  0.4579  0.3539  0.2819 -0.0155 -0.0073  0.0016  0.0120  0.0037 -0.0040 -0.0119 -0.0043  0.0028  0.0102  0.0104  0.0113  0.0135  0.0120  0.0117  0.0125  0.0234  0.0330  0.0120 -0.0196 -0.0127 -0.0074 -0.0134 -0.0194  0.0029  0.0291  0.0477  0.0742  0.1101  0.1676  0.2560  0.4098  0.6714  1.0000
    74   biomsd   1.1622e+001 8.8764e-002   0.2779 -0.0886 -0.0418  0.0093  0.0683  0.0208 -0.0229 -0.0680 -0.0249  0.0154  0.0576  0.0588  0.0640  0.0759  0.0670  0.0650  0.0688  0.1309  0.1851  0.0620 -0.1217 -0.0888 -0.0689 -0.1170 -0.1663 -0.0852  0.0052  0.0352  0.0715  0.0986  0.1447  0.1750  0.2469  0.4445  0.6823  1.0000  0.7335  0.5732  0.4640 -0.0886 -0.0418  0.0093  0.0683  0.0208 -0.0229 -0.0680 -0.0249  0.0154  0.0576  0.0588  0.0640  0.0759  0.0670  0.0650  0.0688  0.1309  0.1851  0.0620 -0.1217 -0.0888 -0.0689 -0.1170 -0.1663 -0.0852  0.0052  0.0352  0.0715  0.0986  0.1447  0.1750  0.2469  0.4445  0.6823  1.0000
    75   biomsd   1.1581e+001 9.4576e-002   0.4817 -0.1536 -0.0724  0.0161  0.1183  0.0360 -0.0396 -0.1179 -0.0432  0.0267  0.0999  0.1019  0.1108  0.1315  0.1160  0.1124  0.1189  0.2264  0.3203  0.1065 -0.2122 -0.1563 -0.1233 -0.2086 -0.2962 -0.1623 -0.0143  0.0267  0.0732  0.0944  0.1337  0.1179  0.1263  0.2821  0.4579  0.7335  1.0000  0.7848  0.6390 -0.1536 -0.0724  0.0161  0.1183  0.0360 -0.0396 -0.1179 -0.0432  0.0267  0.0999  0.1019  0.1108  0.1315  0.1160  0.1124  0.1189  0.2264  0.3203  0.1065 -0.2122 -0.1563 -0.1233 -0.2086 -0.2962 -0.1623 -0.0143  0.0267  0.0732  0.0944  0.1337  0.1179  0.1263  0.2821  0.4579  0.7335  1.0000
    76   biomsd   1.1576e+001 1.0378e-001   0.4026 -0.1284 -0.0605  0.0134  0.0989  0.0301 -0.0331 -0.0985 -0.0361  0.0223  0.0835  0.0851  0.0926  0.1099  0.0969  0.0939  0.0994  0.1892  0.2677  0.0889 -0.1775 -0.1307 -0.1032 -0.1746 -0.2479 -0.1363 -0.0129  0.0210  0.0592  0.0759  0.1071  0.0911  0.0936  0.2163  0.3539  0.5732  0.7848  1.0000  0.8063 -0.1284 -0.0605  0.0134  0.0989  0.0301 -0.0331 -0.0985 -0.0361  0.0223  0.0835  0.0851  0.0926  0.1099  0.0969  0.0939  0.0994  0.1892  0.2677  0.0889 -0.1775 -0.1307 -0.1032 -0.1746 -0.2479 -0.1363 -0.0129  0.0210  0.0592  0.0759  0.1071  0.0911  0.0936  0.2163  0.3539  0.5732  0.7848  1.0000
    77   biomsd   1.1572e+001 1.0694e-001   0.3555 -0.1133 -0.0534  0.0118  0.0873  0.0266 -0.0293 -0.0870 -0.0319  0.0197  0.0737  0.0752  0.0818  0.0970  0.0856  0.0829  0.0878  0.1670  0.2363  0.0785 -0.1567 -0.1155 -0.0913 -0.1544 -0.2192 -0.1209 -0.0123  0.0171  0.0501  0.0638  0.0896  0.0726  0.0699  0.1704  0.2819  0.4640  0.6390  0.8063  1.0000 -0.1133 -0.0534  0.0118  0.0873  0.0266 -0.0293 -0.0870 -0.0319  0.0197  0.0737  0.0752  0.0818  0.0970  0.0856  0.0829  0.0878  0.1670  0.2363  0.0785 -0.1567 -0.1155 -0.0913 -0.1544 -0.2192 -0.1209 -0.0123  0.0171  0.0501  0.0638  0.0896  0.0726  0.0699  0.1704  0.2819  0.4640  0.6390  0.8063  1.0000
    78   biomA    1.4175e+005 1.5811e+004  -0.3188  1.0000  0.8024  0.5974  0.3738  0.3297  0.3014  0.2843  0.1925  0.1116  0.0325  0.0085 -0.0155 -0.0457 -0.0469 -0.0521 -0.0625 -0.1391 -0.2055 -0.0645  0.1444  0.1066  0.0846  0.1412  0.1997  0.1136  0.0189 -0.0040 -0.0282 -0.0321 -0.0420 -0.0044  0.0361  0.0072 -0.0155 -0.0886 -0.1536 -0.1284 -0.1133  1.0000  0.8024  0.5974  0.3738  0.3297  0.3014  0.2843  0.1925  0.1116  0.0325  0.0085 -0.0155 -0.0457 -0.0469 -0.0521 -0.0625 -0.1391 -0.2055 -0.0645  0.1444  0.1066  0.0846  0.1412  0.1997  0.1136  0.0189 -0.0040 -0.0282 -0.0321 -0.0420 -0.0044  0.0361  0.0072 -0.0155 -0.0886 -0.1536 -0.1284 -0.1133  1.0000
    79   biomA    1.3793e+005 1.4773e+004  -0.1503  0.8024  1.0000  0.7826  0.5488  0.4468  0.3688  0.3040  0.2257  0.1592  0.0965  0.0665  0.0403  0.0125  0.0025 -0.0063 -0.0162 -0.0569 -0.0917 -0.0258  0.0709  0.0521  0.0410  0.0672  0.0945  0.0539  0.0091 -0.0017 -0.0132 -0.0151 -0.0198 -0.0020  0.0170  0.0034 -0.0073 -0.0418 -0.0724 -0.0605 -0.0534  0.8024  1.0000  0.7826  0.5488  0.4468  0.3688  0.3040  0.2257  0.1592  0.0965  0.0665  0.0403  0.0125  0.0025 -0.0063 -0.0162 -0.0569 -0.0917 -0.0258  0.0709  0.0521  0.0410  0.0672  0.0945  0.0539  0.0091 -0.0017 -0.0132 -0.0151 -0.0198 -0.0020  0.0170  0.0034 -0.0073 -0.0418 -0.0724 -0.0605 -0.0534  0.8024  1.0000
    80   biomA    1.3422e+005 1.3556e+004   0.0333  0.5974  0.7826  1.0000  0.7510  0.5834  0.4493  0.3307  0.2662  0.2143  0.1688  0.1317  0.1026  0.0770  0.0570  0.0443  0.0347  0.0329  0.0324  0.0166 -0.0092 -0.0072 -0.0064 -0.0133 -0.0201 -0.0113 -0.0015  0.0007  0.0031  0.0035  0.0045  0.0005 -0.0037 -0.0007  0.0016  0.0093  0.0161  0.0134  0.0118  0.5974  0.7826  1.0000  0.7510  0.5834  0.4493  0.3307  0.2662  0.2143  0.1688  0.1317  0.1026  0.0770  0.0570  0.0443  0.0347  0.0329  0.0324  0.0166 -0.0092 -0.0072 -0.0064 -0.0133 -0.0201 -0.0113 -0.0015  0.0007  0.0031  0.0035  0.0045  0.0005 -0.0037 -0.0007  0.0016  0.0093  0.0161  0.0134  0.0118  0.5974  0.7826  1.0000
    81   biomA    1.3060e+005 1.2137e+004   0.2457  0.3738  0.5488  0.7510  1.0000  0.7532  0.5516  0.3685  0.3185  0.2823  0.2557  0.2097  0.1766  0.1529  0.1211  0.1034  0.0941  0.1372  0.1762  0.0657 -0.1017 -0.0757 -0.0611 -0.1065 -0.1526 -0.0866 -0.0139  0.0035  0.0220  0.0249  0.0325  0.0035 -0.0278 -0.0055  0.0120  0.0683  0.1183  0.0989  0.0873  0.3738  0.5488  0.7510  1.0000  0.7532  0.5516  0.3685  0.3185  0.2823  0.2557  0.2097  0.1766  0.1529  0.1211  0.1034  0.0941  0.1372  0.1762  0.0657 -0.1017 -0.0757 -0.0611 -0.1065 -0.1526 -0.0866 -0.0139  0.0035  0.0220  0.0249  0.0325  0.0035 -0.0278 -0.0055  0.0120  0.0683  0.1183  0.0989  0.0873  0.3738  0.5488  0.7510  1.0000
    82   biomA    1.3231e+005 1.2969e+004   0.0748  0.3297  0.4468  0.5834  0.7532  1.0000  0.7676  0.5618  0.4541  0.3678  0.2926  0.2293  0.1797  0.1366  0.1019  0.0799  0.0638  0.0647  0.0673  0.0323 -0.0236 -0.0181 -0.0155 -0.0307 -0.0455 -0.0256 -0.0037  0.0014  0.0070  0.0078  0.0100  0.0011 -0.0084 -0.0016  0.0037  0.0208  0.0360  0.0301  0.0266  0.3297  0.4468  0.5834  0.7532  1.0000  0.7676  0.5618  0.4541  0.3678  0.2926  0.2293  0.1797  0.1366  0.1019  0.0799  0.0638  0.0647  0.0673  0.0323 -0.0236 -0.0181 -0.0155 -0.0307 -0.0455 -0.0256 -0.0037  0.0014  0.0070  0.0078  0.0100  0.0011 -0.0084 -0.0016  0.0037  0.0208  0.0360  0.0301  0.0266  0.3297  0.4468  0.5834  0.7532  1.0000
    83   biomA    1.3404e+005 1.3300e+004  -0.0823  0.3014  0.3688  0.4493  0.5516  0.7676  1.0000  0.7647  0.5989  0.4622  0.3387  0.2566  0.1897  0.1267  0.0879  0.0610  0.0379 -0.0006 -0.0320  0.0022  0.0486  0.0351  0.0266  0.0392  0.0531  0.0305  0.0057 -0.0004 -0.0069 -0.0080 -0.0107 -0.0010  0.0094  0.0019 -0.0040 -0.0229 -0.0396 -0.0331 -0.0293  0.3014  0.3688  0.4493  0.5516  0.7676  1.0000  0.7647  0.5989  0.4622  0.3387  0.2566  0.1897  0.1267  0.0879  0.0610  0.0379 -0.0006 -0.0320  0.0022  0.0486  0.0351  0.0266  0.0392  0.0531  0.0305  0.0057 -0.0004 -0.0069 -0.0080 -0.0107 -0.0010  0.0094  0.0019 -0.0040 -0.0229 -0.0396 -0.0331 -0.0293  0.3014  0.3688  0.4493  0.5516  0.7676  1.0000
    84   biomA    1.3579e+005 1.3131e+004  -0.2448  0.2843  0.3040  0.3307  0.3685  0.5618  0.7647  1.0000  0.7687  0.5758  0.3984  0.2942  0.2071  0.1215  0.0771  0.0442  0.0132 -0.0669 -0.1340 -0.0282  0.1237  0.0904  0.0703  0.1114  0.1550  0.0885  0.0155 -0.0024 -0.0212 -0.0244 -0.0320 -0.0032  0.0278  0.0056 -0.0119 -0.0680 -0.1179 -0.0985 -0.0870  0.2843  0.3040  0.3307  0.3685  0.5618  0.7647  1.0000  0.7687  0.5758  0.3984  0.2942  0.2071  0.1215  0.0771  0.0442  0.0132 -0.0669 -0.1340 -0.0282  0.1237  0.0904  0.0703  0.1114  0.1550  0.0885  0.0155 -0.0024 -0.0212 -0.0244 -0.0320 -0.0032  0.0278  0.0056 -0.0119 -0.0680 -0.1179 -0.0985 -0.0870  0.2843  0.3040  0.3307  0.3685  0.5618  0.7647  1.0000
    85   biomA    1.3300e+005 1.3395e+004  -0.0897  0.1925  0.2257  0.2662  0.3185  0.4541  0.5989  0.7687  1.0000  0.7778  0.5780  0.4405  0.3293  0.2256  0.1590  0.1136  0.0755  0.0216 -0.0216  0.0143  0.0601  0.0430  0.0320  0.0444  0.0588  0.0340  0.0068 -0.0001 -0.0073 -0.0086 -0.0115 -0.0011  0.0103  0.0021 -0.0043 -0.0249 -0.0432 -0.0361 -0.0319  0.1925  0.2257  0.2662  0.3185  0.4541  0.5989  0.7687  1.0000  0.7778  0.5780  0.4405  0.3293  0.2256  0.1590  0.1136  0.0755  0.0216 -0.0216  0.0143  0.0601  0.0430  0.0320  0.0444  0.0588  0.0340  0.0068 -0.0001 -0.0073 -0.0086 -0.0115 -0.0011  0.0103  0.0021 -0.0043 -0.0249 -0.0432 -0.0361 -0.0319  0.1925  0.2257  0.2662  0.3185  0.4541  0.5989  0.7687  1.0000
    86   biomA    1.3026e+005 1.3157e+004   0.0554  0.1116  0.1592  0.2143  0.2823  0.3678  0.4622  0.5758  0.7778  1.0000  0.7713  0.5969  0.4584  0.3336  0.2433  0.1842  0.1380  0.1072  0.0852  0.0555  0.0015 -0.0008 -0.0036 -0.0182 -0.0312 -0.0170 -0.0013  0.0020  0.0058  0.0062  0.0077  0.0010 -0.0061 -0.0012  0.0028  0.0154  0.0267  0.0223  0.0197  0.1116  0.1592  0.2143  0.2823  0.3678  0.4622  0.5758  0.7778  1.0000  0.7713  0.5969  0.4584  0.3336  0.2433  0.1842  0.1380  0.1072  0.0852  0.0555  0.0015 -0.0008 -0.0036 -0.0182 -0.0312 -0.0170 -0.0013  0.0020  0.0058  0.0062  0.0077  0.0010 -0.0061 -0.0012  0.0028  0.0154  0.0267  0.0223  0.0197  0.1116  0.1592  0.2143  0.2823  0.3678  0.4622  0.5758  0.7778  1.0000
    87   biomA    1.2758e+005 1.2451e+004   0.2072  0.0325  0.0965  0.1688  0.2557  0.2926  0.3387  0.3984  0.5780  0.7713  1.0000  0.7810  0.6090  0.4577  0.3395  0.2641  0.2077  0.1995  0.1986  0.1002 -0.0589 -0.0459 -0.0403 -0.0834 -0.1252 -0.0703 -0.0097  0.0043  0.0195  0.0216  0.0278  0.0032 -0.0233 -0.0045  0.0102  0.0576  0.0999  0.0835  0.0737  0.0325  0.0965  0.1688  0.2557  0.2926  0.3387  0.3984  0.5780  0.7713  1.0000  0.7810  0.6090  0.4577  0.3395  0.2641  0.2077  0.1995  0.1986  0.1002 -0.0589 -0.0459 -0.0403 -0.0834 -0.1252 -0.0703 -0.0097  0.0043  0.0195  0.0216  0.0278  0.0032 -0.0233 -0.0045  0.0102  0.0576  0.0999  0.0835  0.0737  0.0325  0.0965  0.1688  0.2557  0.2926  0.3387  0.3984  0.5780  0.7713  1.0000
    88   biomA    1.2701e+005 1.2645e+004   0.2114  0.0085  0.0665  0.1317  0.2097  0.2293  0.2566  0.2942  0.4405  0.5969  0.7810  1.0000  0.7761  0.5776  0.4262  0.3289  0.2551  0.2317  0.2194  0.1173 -0.0510 -0.0408 -0.0374 -0.0829 -0.1265 -0.0707 -0.0092  0.0049  0.0202  0.0223  0.0285  0.0033 -0.0237 -0.0046  0.0104  0.0588  0.1019  0.0851  0.0752  0.0085  0.0665  0.1317  0.2097  0.2293  0.2566  0.2942  0.4405  0.5969  0.7810  1.0000  0.7761  0.5776  0.4262  0.3289  0.2551  0.2317  0.2194  0.1173 -0.0510 -0.0408 -0.0374 -0.0829 -0.1265 -0.0707 -0.0092  0.0049  0.0202  0.0223  0.0285  0.0033 -0.0237 -0.0046  0.0104  0.0588  0.1019  0.0851  0.0752  0.0085  0.0665  0.1317  0.2097  0.2293  0.2566  0.2942  0.4405  0.5969  0.7810  1.0000
    89   biomA    1.2643e+005 1.2023e+004   0.2300 -0.0155  0.0403  0.1026  0.1766  0.1797  0.1897  0.2071  0.3293  0.4584  0.6090  0.7761  1.0000  0.7397  0.5441  0.4177  0.3209  0.2805  0.2556  0.1427 -0.0464 -0.0383 -0.0368 -0.0880 -0.1364 -0.0760 -0.0094  0.0058  0.0223  0.0244  0.0311  0.0037 -0.0257 -0.0050  0.0113  0.0640  0.1108  0.0926  0.0818 -0.0155  0.0403  0.1026  0.1766  0.1797  0.1897  0.2071  0.3293  0.4584  0.6090  0.7761  1.0000  0.7397  0.5441  0.4177  0.3209  0.2805  0.2556  0.1427 -0.0464 -0.0383 -0.0368 -0.0880 -0.1364 -0.0760 -0.0094  0.0058  0.0223  0.0244  0.0311  0.0037 -0.0257 -0.0050  0.0113  0.0640  0.1108  0.0926  0.0818 -0.0155  0.0403  0.1026  0.1766  0.1797  0.1897  0.2071  0.3293  0.4584  0.6090  0.7761  1.0000
    90   biomA    1.2586e+005 1.0468e+004   0.2728 -0.0457  0.0125  0.0770  0.1529  0.1366  0.1267  0.1215  0.2256  0.3336  0.4577  0.5776  0.7397  1.0000  0.7339  0.5614  0.4285  0.3639  0.3218  0.1860 -0.0450 -0.0388 -0.0395 -0.1020 -0.1605 -0.0891 -0.0104  0.0073  0.0268  0.0292  0.0371  0.0045 -0.0305 -0.0059  0.0135  0.0759  0.1315  0.1099  0.0970 -0.0457  0.0125  0.0770  0.1529  0.1366  0.1267  0.1215  0.2256  0.3336  0.4577  0.5776  0.7397  1.0000  0.7339  0.5614  0.4285  0.3639  0.3218  0.1860 -0.0450 -0.0388 -0.0395 -0.1020 -0.1605 -0.0891 -0.0104  0.0073  0.0268  0.0292  0.0371  0.0045 -0.0305 -0.0059  0.0135  0.0759  0.1315  0.1099  0.0970 -0.0457  0.0125  0.0770  0.1529  0.1366  0.1267  0.1215  0.2256  0.3336  0.4577  0.5776  0.7397  1.0000
    91   biomA    1.2656e+005 1.1686e+004   0.2406 -0.0469  0.0025  0.0570  0.1211  0.1019  0.0879  0.0771  0.1590  0.2433  0.3395  0.4262  0.5441  0.7339  1.0000  0.7579  0.5686  0.4455  0.3580  0.2306  0.0003 -0.0076 -0.0181 -0.0804 -0.1363 -0.0745 -0.0062  0.0085  0.0249  0.0267  0.0333  0.0043 -0.0266 -0.0050  0.0120  0.0670  0.1160  0.0969  0.0856 -0.0469  0.0025  0.0570  0.1211  0.1019  0.0879  0.0771  0.1590  0.2433  0.3395  0.4262  0.5441  0.7339  1.0000  0.7579  0.5686  0.4455  0.3580  0.2306  0.0003 -0.0076 -0.0181 -0.0804 -0.1363 -0.0745 -0.0062  0.0085  0.0249  0.0267  0.0333  0.0043 -0.0266 -0.0050  0.0120  0.0670  0.1160  0.0969  0.0856 -0.0469  0.0025  0.0570  0.1211  0.1019  0.0879  0.0771  0.1590  0.2433  0.3395  0.4262  0.5441  0.7339  1.0000
    92   biomA    1.2726e+005 1.1869e+004   0.2330 -0.0521 -0.0063  0.0443  0.1034  0.0799  0.0610  0.0442  0.1136  0.1842  0.2641  0.3289  0.4177  0.5614  0.7579  1.0000  0.7438  0.5575  0.4219  0.2906  0.0407  0.0196 -0.0007 -0.0683 -0.1267 -0.0680 -0.0030  0.0103  0.0255  0.0267  0.0328  0.0046 -0.0256 -0.0047  0.0117  0.0650  0.1124  0.0939  0.0829 -0.0521 -0.0063  0.0443  0.1034  0.0799  0.0610  0.0442  0.1136  0.1842  0.2641  0.3289  0.4177  0.5614  0.7579  1.0000  0.7438  0.5575  0.4219  0.2906  0.0407  0.0196 -0.0007 -0.0683 -0.1267 -0.0680 -0.0030  0.0103  0.0255  0.0267  0.0328  0.0046 -0.0256 -0.0047  0.0117  0.0650  0.1124  0.0939  0.0829 -0.0521 -0.0063  0.0443  0.1034  0.0799  0.0610  0.0442  0.1136  0.1842  0.2641  0.3289  0.4177  0.5614  0.7579  1.0000
    93   biomA    1.2797e+005 1.1035e+004   0.2465 -0.0625 -0.0162  0.0347  0.0941  0.0638  0.0379  0.0132  0.0755  0.1380  0.2077  0.2551  0.3209  0.4285  0.5686  0.7438  1.0000  0.7290  0.5292  0.3818  0.0877  0.0506  0.0180 -0.0616 -0.1281 -0.0673  0.0001  0.0131  0.0285  0.0293  0.0353  0.0052 -0.0268 -0.0049  0.0125  0.0688  0.1189  0.0994  0.0878 -0.0625 -0.0162  0.0347  0.0941  0.0638  0.0379  0.0132  0.0755  0.1380  0.2077  0.2551  0.3209  0.4285  0.5686  0.7438  1.0000  0.7290  0.5292  0.3818  0.0877  0.0506  0.0180 -0.0616 -0.1281 -0.0673  0.0001  0.0131  0.0285  0.0293  0.0353  0.0052 -0.0268 -0.0049  0.0125  0.0688  0.1189  0.0994  0.0878 -0.0625 -0.0162  0.0347  0.0941  0.0638  0.0379  0.0132  0.0755  0.1380  0.2077  0.2550  0.3209  0.4285  0.5686  0.7438  1.0000
