 The logarithm of the determinant of the hessian = 2.021
 index   name       value      std dev       1       2       3       4       5       6       7       8       9      10      11      12      13      14      15      16      17      18      19      20      21      22      23      24      25      26      27      28      29      30      31      32      33      34      35      36      37      38      39      40      41      42      43      44      45      46      47      48      49      50      51      52      53      54      55      56      57      58      59      60      61      62      63      64      65      66      67      68      69      70      71      72      73      74      75      76      77   
     1   logSdLam -2.0966e+000 3.6404e-001   1.0000
     2   biom     1.0557e+001 1.7775e-001  -0.4891  1.0000
     3   biom     1.0477e+001 1.8457e-001  -0.3729  0.7938  1.0000
     4   biom     1.0397e+001 1.8308e-001  -0.2770  0.6296  0.7991  1.0000
     5   biom     1.0316e+001 1.7304e-001  -0.1884  0.4855  0.6242  0.7873  1.0000
     6   biom     1.0235e+001 1.7942e-001  -0.1032  0.3619  0.4771  0.6106  0.7830  1.0000
     7   biom     1.0154e+001 1.7686e-001  -0.0252  0.2593  0.3572  0.4685  0.6103  0.7872  1.0000
     8   biom     1.0073e+001 1.6496e-001   0.0583  0.1623  0.2470  0.3405  0.4570  0.6003  0.7709  1.0000
     9   biom     9.9959e+000 1.6938e-001   0.1301  0.0811  0.1554  0.2345  0.3305  0.4465  0.5826  0.7635  1.0000
    10   biom     9.9192e+000 1.6264e-001   0.2119  0.0043  0.0730  0.1430  0.2248  0.3211  0.4315  0.5761  0.7606  1.0000
    11   biom     9.8424e+000 1.4318e-001   0.3274 -0.0861 -0.0179  0.0476  0.1197  0.2013  0.2912  0.4054  0.5450  0.7240  1.0000
    12   biom     9.8126e+000 1.5606e-001   0.2883 -0.0889 -0.0342  0.0174  0.0733  0.1356  0.2034  0.2886  0.3910  0.5216  0.7224  1.0000
    13   biom     9.7828e+000 1.5222e-001   0.2831 -0.1013 -0.0533 -0.0090  0.0377  0.0887  0.1431  0.2104  0.2890  0.3885  0.5408  0.7357  1.0000
    14   biom     9.7530e+000 1.3017e-001   0.3165 -0.1304 -0.0836 -0.0420  0.0003  0.0450  0.0909  0.1461  0.2072  0.2833  0.3986  0.5218  0.6951  1.0000
    15   biom     9.7662e+000 1.5771e-001   0.2135 -0.0873 -0.0556 -0.0272  0.0017  0.0323  0.0638  0.1017  0.1439  0.1965  0.2762  0.3627  0.4840  0.6970  1.0000
    16   biom     9.7795e+000 1.7036e-001   0.1535 -0.0621 -0.0390 -0.0183  0.0029  0.0254  0.0487  0.0767  0.1081  0.1474  0.2069  0.2729  0.3650  0.5264  0.7573  1.0000
    17   biom     9.7927e+000 1.7144e-001   0.1087 -0.0431 -0.0263 -0.0113  0.0042  0.0208  0.0380  0.0589  0.0825  0.1121  0.1571  0.2087  0.2801  0.4050  0.5852  0.7740  1.0000
    18   biom     9.8028e+000 1.7611e-001   0.0850 -0.0337 -0.0206 -0.0088  0.0033  0.0162  0.0297  0.0460  0.0644  0.0875  0.1227  0.1630  0.2188  0.3163  0.4570  0.6044  0.7808  1.0000
    19   biom     9.8129e+000 1.7020e-001   0.0664 -0.0263 -0.0161 -0.0069  0.0025  0.0126  0.0231  0.0359  0.0502  0.0683  0.0957  0.1271  0.1706  0.2466  0.3562  0.4711  0.6087  0.7795  1.0000
    20   biom     9.8230e+000 1.5248e-001   0.0500 -0.0199 -0.0122 -0.0053  0.0019  0.0094  0.0174  0.0269  0.0377  0.0513  0.0719  0.0954  0.1281  0.1852  0.2674  0.3537  0.4569  0.5851  0.7507  1.0000
    21   biom     9.8331e+000 1.1773e-001   0.0337 -0.0134 -0.0082 -0.0036  0.0012  0.0062  0.0115  0.0179  0.0251  0.0342  0.0479  0.0635  0.0852  0.1232  0.1778  0.2351  0.3036  0.3888  0.4988  0.6644  1.0000
    22   biom     9.8145e+000 1.4388e-001   0.1669 -0.0797 -0.0595 -0.0426 -0.0267 -0.0110  0.0037  0.0199  0.0349  0.0526  0.0781  0.0824  0.0954  0.1244  0.1442  0.1720  0.2091  0.2599  0.3272  0.4303  0.6416  1.0000
    23   biom     9.7960e+000 1.5170e-001   0.2904 -0.1407 -0.1064 -0.0780 -0.0515 -0.0258 -0.0020  0.0238  0.0468  0.0732  0.1110  0.1069  0.1149  0.1405  0.1357  0.1438  0.1611  0.1913  0.2336  0.3006  0.4410  0.7076  1.0000
    24   biom     9.8516e+000 1.5699e-001   0.1130 -0.0543 -0.0408 -0.0295 -0.0189 -0.0085  0.0012  0.0118  0.0214  0.0327  0.0489  0.0500  0.0565  0.0721  0.0793  0.0916  0.1092  0.1343  0.1679  0.2198  0.3266  0.5122  0.7182  1.0000
    25   biom     9.9073e+000 1.5167e-001  -0.0565  0.0283  0.0221  0.0170  0.0124  0.0081  0.0044  0.0005 -0.0024 -0.0056 -0.0097 -0.0035  0.0020  0.0088  0.0284  0.0458  0.0650  0.0867  0.1140  0.1543  0.2350  0.3526  0.4866  0.7181  1.0000
    26   biom     9.9152e+000 1.6235e-001  -0.0115  0.0062  0.0051  0.0042  0.0035  0.0029  0.0025  0.0021  0.0021  0.0023  0.0027  0.0061  0.0100  0.0161  0.0275  0.0386  0.0514  0.0668  0.0864  0.1158  0.1749  0.2661  0.3690  0.5350  0.7385  1.0000
    27   biom     9.9231e+000 1.5972e-001   0.0302 -0.0143 -0.0107 -0.0076 -0.0047 -0.0018  0.0009  0.0039  0.0067  0.0099  0.0147  0.0158  0.0185  0.0244  0.0289  0.0349  0.0428  0.0534  0.0674  0.0888  0.1325  0.2061  0.2880  0.4057  0.5518  0.7496  1.0000
    28   biom     9.9608e+000 1.6531e-001  -0.0573  0.0283  0.0218  0.0164  0.0115  0.0069  0.0027 -0.0018 -0.0054 -0.0095 -0.0151 -0.0112 -0.0087 -0.0070  0.0047  0.0140  0.0235  0.0334  0.0454  0.0628  0.0971  0.1418  0.1936  0.2964  0.4200  0.5653  0.7505  1.0000
    29   biom     9.9984e+000 1.5928e-001  -0.1492  0.0732  0.0559  0.0417  0.0287  0.0161  0.0047 -0.0075 -0.0179 -0.0296 -0.0461 -0.0390 -0.0367 -0.0389 -0.0193 -0.0059  0.0059  0.0158  0.0267  0.0414  0.0686  0.0877  0.1131  0.2084  0.3184  0.4217  0.5550  0.7499  1.0000
    30   biom     9.9891e+000 1.5736e-001  -0.0452  0.0223  0.0171  0.0128  0.0089  0.0052  0.0018 -0.0018 -0.0047 -0.0081 -0.0128 -0.0101 -0.0086 -0.0081 -0.0002  0.0057  0.0116  0.0175  0.0244  0.0343  0.0536  0.0767  0.1039  0.1635  0.2345  0.3148  0.4173  0.5573  0.7384  1.0000
    31   biom     9.9799e+000 1.4216e-001   0.0670 -0.0327 -0.0248 -0.0183 -0.0123 -0.0065 -0.0012  0.0045  0.0095  0.0153  0.0234  0.0214  0.0220  0.0257  0.0211  0.0194  0.0191  0.0209  0.0241  0.0296  0.0417  0.0715  0.1033  0.1283  0.1624  0.2244  0.3020  0.3936  0.5142  0.7119  1.0000
    32   biom     1.0009e+001 1.3851e-001  -0.0002  0.0002  0.0002  0.0002  0.0002  0.0003  0.0003  0.0004  0.0005  0.0007  0.0009  0.0014  0.0020  0.0030  0.0046  0.0062  0.0081  0.0105  0.0135  0.0180  0.0272  0.0415  0.0577  0.0832  0.1145  0.1551  0.2066  0.2737  0.3610  0.4924  0.6856  1.0000
    33   biom     1.0039e+001 1.1301e-001  -0.0848  0.0416  0.0317  0.0236  0.0161  0.0089  0.0023 -0.0047 -0.0107 -0.0175 -0.0272 -0.0235 -0.0227 -0.0249 -0.0152 -0.0091 -0.0041 -0.0006  0.0028  0.0070  0.0141  0.0118  0.0114  0.0424  0.0763  0.0979  0.1265  0.1759  0.2382  0.3115  0.4227  0.6249  1.0000
    34   biom     1.0013e+001 1.3956e-001   0.0997 -0.0487 -0.0371 -0.0276 -0.0187 -0.0102 -0.0024  0.0060  0.0132  0.0214  0.0330  0.0293  0.0290  0.0328  0.0231  0.0178  0.0140  0.0126  0.0119  0.0121  0.0140  0.0329  0.0516  0.0439  0.0392  0.0596  0.0839  0.1015  0.1265  0.1884  0.2753  0.3917  0.6140  1.0000
    35   biom     9.9879e+000 1.4754e-001   0.2536 -0.1240 -0.0945 -0.0702 -0.0477 -0.0261 -0.0063  0.0149  0.0332  0.0539  0.0833  0.0735  0.0723  0.0811  0.0554  0.0406  0.0297  0.0243  0.0204  0.0174  0.0157  0.0532  0.0888  0.0505  0.0157  0.0378  0.0619  0.0573  0.0569  0.1178  0.1970  0.2624  0.3956  0.6887  1.0000
    36   biom     1.0035e+001 1.5406e-001   0.0973 -0.0476 -0.0362 -0.0269 -0.0183 -0.0100 -0.0024  0.0058  0.0128  0.0207  0.0320  0.0283  0.0279  0.0314  0.0217  0.0161  0.0121  0.0103  0.0091  0.0083  0.0085  0.0242  0.0394  0.0270  0.0165  0.0287  0.0427  0.0471  0.0550  0.0904  0.1385  0.1925  0.2977  0.4964  0.7110  1.0000
    37   biom     1.0081e+001 1.4790e-001  -0.0504  0.0247  0.0188  0.0140  0.0095  0.0052  0.0013 -0.0029 -0.0065 -0.0106 -0.0164 -0.0143 -0.0140 -0.0155 -0.0101 -0.0069 -0.0043 -0.0028 -0.0015 -0.0000  0.0021 -0.0026 -0.0066  0.0059  0.0188  0.0222  0.0273  0.0410  0.0578  0.0709  0.0921  0.1393  0.2256  0.3470  0.4837  0.7117  1.0000
    38   biom     1.0117e+001 1.6934e-001  -0.1415  0.0692  0.0528  0.0392  0.0267  0.0146  0.0036 -0.0082 -0.0184 -0.0299 -0.0462 -0.0406 -0.0398 -0.0445 -0.0297 -0.0211 -0.0145 -0.0109 -0.0080 -0.0052 -0.0020 -0.0194 -0.0352 -0.0075  0.0197  0.0175  0.0169  0.0361  0.0580  0.0568  0.0606  0.1023  0.1745  0.2444  0.3286  0.5123  0.7394  1.0000
    39   biom     1.0153e+001 1.7978e-001  -0.2251  0.1101  0.0839  0.0624  0.0424  0.0233  0.0057 -0.0131 -0.0292 -0.0476 -0.0736 -0.0648 -0.0636 -0.0710 -0.0477 -0.0341 -0.0238 -0.0183 -0.0139 -0.0099 -0.0055 -0.0343 -0.0609 -0.0189  0.0216  0.0147  0.0093  0.0343  0.0618  0.0486  0.0384  0.0781  0.1431  0.1748  0.2212  0.3797  0.5703  0.7799  1.0000
    40   biomsd   1.0557e+001 1.7775e-001  -0.4891  1.0000  0.7938  0.6296  0.4855  0.3619  0.2593  0.1623  0.0811  0.0043 -0.0861 -0.0889 -0.1013 -0.1304 -0.0873 -0.0621 -0.0431 -0.0337 -0.0263 -0.0199 -0.0134 -0.0797 -0.1407 -0.0543  0.0283  0.0062 -0.0143  0.0283  0.0732  0.0223 -0.0327  0.0002  0.0416 -0.0487 -0.1240 -0.0476  0.0247  0.0692  0.1101  1.0000
    41   biomsd   1.0477e+001 1.8457e-001  -0.3729  0.7938  1.0000  0.7991  0.6242  0.4771  0.3572  0.2470  0.1554  0.0730 -0.0179 -0.0342 -0.0533 -0.0836 -0.0556 -0.0390 -0.0263 -0.0206 -0.0161 -0.0122 -0.0082 -0.0595 -0.1064 -0.0408  0.0221  0.0051 -0.0107  0.0218  0.0559  0.0171 -0.0248  0.0002  0.0317 -0.0371 -0.0945 -0.0362  0.0188  0.0528  0.0839  0.7938  1.0000
    42   biomsd   1.0397e+001 1.8308e-001  -0.2770  0.6296  0.7991  1.0000  0.7873  0.6106  0.4685  0.3405  0.2345  0.1430  0.0476  0.0174 -0.0090 -0.0420 -0.0272 -0.0183 -0.0113 -0.0088 -0.0069 -0.0053 -0.0036 -0.0426 -0.0780 -0.0295  0.0170  0.0042 -0.0076  0.0164  0.0417  0.0128 -0.0183  0.0002  0.0236 -0.0276 -0.0702 -0.0269  0.0140  0.0392  0.0624  0.6296  0.7991  1.0000
    43   biomsd   1.0316e+001 1.7304e-001  -0.1884  0.4855  0.6242  0.7873  1.0000  0.7830  0.6103  0.4570  0.3305  0.2248  0.1197  0.0733  0.0377  0.0003  0.0017  0.0029  0.0042  0.0033  0.0025  0.0019  0.0012 -0.0267 -0.0515 -0.0189  0.0124  0.0035 -0.0047  0.0115  0.0287  0.0089 -0.0123  0.0002  0.0161 -0.0187 -0.0477 -0.0183  0.0095  0.0267  0.0424  0.4855  0.6242  0.7873  1.0000
    44   biomsd   1.0235e+001 1.7942e-001  -0.1032  0.3619  0.4771  0.6106  0.7830  1.0000  0.7872  0.6003  0.4465  0.3211  0.2013  0.1356  0.0887  0.0450  0.0323  0.0254  0.0208  0.0162  0.0126  0.0094  0.0062 -0.0110 -0.0258 -0.0085  0.0081  0.0029 -0.0018  0.0069  0.0161  0.0052 -0.0065  0.0003  0.0089 -0.0102 -0.0261 -0.0100  0.0052  0.0146  0.0233  0.3619  0.4771  0.6106  0.7830  1.0000
    45   biomsd   1.0154e+001 1.7686e-001  -0.0252  0.2593  0.3572  0.4685  0.6103  0.7872  1.0000  0.7709  0.5826  0.4315  0.2912  0.2034  0.1431  0.0909  0.0638  0.0487  0.0380  0.0297  0.0231  0.0174  0.0115  0.0037 -0.0020  0.0012  0.0044  0.0025  0.0009  0.0027  0.0047  0.0018 -0.0012  0.0003  0.0023 -0.0024 -0.0063 -0.0024  0.0013  0.0036  0.0057  0.2593  0.3572  0.4685  0.6103  0.7872  1.0000
    46   biomsd   1.0073e+001 1.6496e-001   0.0583  0.1623  0.2470  0.3405  0.4570  0.6003  0.7709  1.0000  0.7635  0.5761  0.4054  0.2886  0.2104  0.1461  0.1017  0.0767  0.0589  0.0460  0.0359  0.0269  0.0179  0.0199  0.0238  0.0118  0.0005  0.0021  0.0039 -0.0018 -0.0075 -0.0018  0.0045  0.0004 -0.0047  0.0060  0.0149  0.0058 -0.0029 -0.0082 -0.0131  0.1623  0.2470  0.3405  0.4570  0.6003  0.7709  1.0000
    47   biomsd   9.9959e+000 1.6938e-001   0.1301  0.0811  0.1554  0.2345  0.3305  0.4465  0.5826  0.7635  1.0000  0.7606  0.5450  0.3910  0.2890  0.2072  0.1439  0.1081  0.0825  0.0644  0.0502  0.0377  0.0251  0.0349  0.0468  0.0214 -0.0024  0.0021  0.0067 -0.0054 -0.0179 -0.0047  0.0095  0.0005 -0.0107  0.0132  0.0332  0.0128 -0.0065 -0.0184 -0.0292  0.0811  0.1554  0.2345  0.3305  0.4465  0.5826  0.7635  1.0000
    48   biomsd   9.9192e+000 1.6264e-001   0.2119  0.0043  0.0730  0.1430  0.2248  0.3211  0.4315  0.5761  0.7606  1.0000  0.7240  0.5216  0.3885  0.2833  0.1965  0.1474  0.1121  0.0875  0.0683  0.0513  0.0342  0.0526  0.0732  0.0327 -0.0056  0.0023  0.0099 -0.0095 -0.0296 -0.0081  0.0153  0.0007 -0.0175  0.0214  0.0539  0.0207 -0.0106 -0.0299 -0.0476  0.0043  0.0730  0.1430  0.2248  0.3211  0.4315  0.5761  0.7606  1.0000
    49   biomsd   9.8424e+000 1.4318e-001   0.3274 -0.0861 -0.0179  0.0476  0.1197  0.2013  0.2912  0.4054  0.5450  0.7240  1.0000  0.7224  0.5408  0.3986  0.2762  0.2069  0.1571  0.1227  0.0957  0.0719  0.0479  0.0781  0.1110  0.0489 -0.0097  0.0027  0.0147 -0.0151 -0.0461 -0.0128  0.0234  0.0009 -0.0272  0.0330  0.0833  0.0320 -0.0164 -0.0462 -0.0736 -0.0861 -0.0179  0.0476  0.1197  0.2013  0.2912  0.4054  0.5450  0.7240  1.0000
    50   biomsd   9.8126e+000 1.5606e-001   0.2883 -0.0889 -0.0342  0.0174  0.0733  0.1356  0.2034  0.2886  0.3910  0.5216  0.7224  1.0000  0.7357  0.5218  0.3627  0.2729  0.2087  0.1630  0.1271  0.0954  0.0635  0.0824  0.1069  0.0500 -0.0035  0.0061  0.0158 -0.0112 -0.0390 -0.0101  0.0214  0.0014 -0.0235  0.0293  0.0735  0.0283 -0.0143 -0.0406 -0.0648 -0.0889 -0.0342  0.0174  0.0733  0.1356  0.2034  0.2886  0.3910  0.5216  0.7224  1.0000
    51   biomsd   9.7828e+000 1.5222e-001   0.2831 -0.1013 -0.0533 -0.0090  0.0377  0.0887  0.1431  0.2104  0.2890  0.3885  0.5408  0.7357  1.0000  0.6951  0.4840  0.3650  0.2801  0.2188  0.1706  0.1281  0.0852  0.0954  0.1149  0.0565  0.0020  0.0100  0.0185 -0.0087 -0.0367 -0.0086  0.0220  0.0020 -0.0227  0.0290  0.0723  0.0279 -0.0140 -0.0398 -0.0636 -0.1013 -0.0533 -0.0090  0.0377  0.0887  0.1431  0.2104  0.2890  0.3885  0.5408  0.7357  1.0000
    52   biomsd   9.7530e+000 1.3017e-001   0.3165 -0.1304 -0.0836 -0.0420  0.0003  0.0450  0.0909  0.1461  0.2072  0.2833  0.3986  0.5218  0.6951  1.0000  0.6970  0.5264  0.4050  0.3163  0.2466  0.1852  0.1232  0.1244  0.1405  0.0721  0.0088  0.0161  0.0244 -0.0070 -0.0389 -0.0081  0.0257  0.0030 -0.0249  0.0328  0.0811  0.0314 -0.0155 -0.0445 -0.0710 -0.1304 -0.0836 -0.0420  0.0003  0.0450  0.0909  0.1461  0.2072  0.2833  0.3986  0.5218  0.6951  1.0000
    53   biomsd   9.7662e+000 1.5771e-001   0.2135 -0.0873 -0.0556 -0.0272  0.0017  0.0323  0.0638  0.1017  0.1439  0.1965  0.2762  0.3627  0.4840  0.6970  1.0000  0.7573  0.5852  0.4570  0.3562  0.2674  0.1778  0.1442  0.1357  0.0793  0.0284  0.0275  0.0289  0.0047 -0.0193 -0.0002  0.0211  0.0046 -0.0152  0.0231  0.0554  0.0217 -0.0101 -0.0297 -0.0477 -0.0873 -0.0556 -0.0272  0.0017  0.0323  0.0638  0.1017  0.1439  0.1965  0.2762  0.3627  0.4840  0.6970  1.0000
    54   biomsd   9.7795e+000 1.7036e-001   0.1535 -0.0621 -0.0390 -0.0183  0.0029  0.0254  0.0487  0.0767  0.1081  0.1474  0.2069  0.2729  0.3650  0.5264  0.7573  1.0000  0.7740  0.6044  0.4711  0.3537  0.2351  0.1720  0.1438  0.0916  0.0458  0.0386  0.0349  0.0140 -0.0059  0.0057  0.0194  0.0062 -0.0091  0.0178  0.0406  0.0161 -0.0069 -0.0211 -0.0341 -0.0621 -0.0390 -0.0183  0.0029  0.0254  0.0487  0.0767  0.1081  0.1474  0.2069  0.2729  0.3650  0.5264  0.7573  1.0000
    55   biomsd   9.7927e+000 1.7144e-001   0.1087 -0.0431 -0.0263 -0.0113  0.0042  0.0208  0.0380  0.0589  0.0825  0.1121  0.1571  0.2087  0.2801  0.4050  0.5852  0.7740  1.0000  0.7808  0.6087  0.4569  0.3036  0.2091  0.1611  0.1092  0.0650  0.0514  0.0428  0.0235  0.0059  0.0116  0.0191  0.0081 -0.0041  0.0140  0.0297  0.0121 -0.0043 -0.0145 -0.0238 -0.0431 -0.0263 -0.0113  0.0042  0.0208  0.0380  0.0589  0.0825  0.1121  0.1571  0.2087  0.2801  0.4050  0.5852  0.7740  1.0000
    56   biomsd   9.8028e+000 1.7611e-001   0.0850 -0.0337 -0.0206 -0.0088  0.0033  0.0162  0.0297  0.0460  0.0644  0.0875  0.1227  0.1630  0.2188  0.3163  0.4570  0.6044  0.7808  1.0000  0.7795  0.5851  0.3888  0.2599  0.1913  0.1343  0.0867  0.0668  0.0534  0.0334  0.0158  0.0175  0.0209  0.0105 -0.0006  0.0126  0.0243  0.0103 -0.0028 -0.0109 -0.0183 -0.0337 -0.0206 -0.0088  0.0033  0.0162  0.0297  0.0460  0.0644  0.0875  0.1227  0.1630  0.2188  0.3163  0.4570  0.6044  0.7808  1.0000
    57   biomsd   9.8129e+000 1.7020e-001   0.0664 -0.0263 -0.0161 -0.0069  0.0025  0.0126  0.0231  0.0359  0.0502  0.0683  0.0957  0.1271  0.1706  0.2466  0.3562  0.4711  0.6087  0.7795  1.0000  0.7507  0.4988  0.3272  0.2336  0.1679  0.1140  0.0864  0.0674  0.0454  0.0267  0.0244  0.0241  0.0135  0.0028  0.0119  0.0204  0.0091 -0.0015 -0.0080 -0.0139 -0.0263 -0.0161 -0.0069  0.0025  0.0126  0.0231  0.0359  0.0502  0.0683  0.0957  0.1271  0.1706  0.2466  0.3562  0.4711  0.6087  0.7795  1.0000
    58   biomsd   9.8230e+000 1.5248e-001   0.0500 -0.0199 -0.0122 -0.0053  0.0019  0.0094  0.0174  0.0269  0.0377  0.0513  0.0719  0.0954  0.1281  0.1852  0.2674  0.3537  0.4569  0.5851  0.7507  1.0000  0.6644  0.4303  0.3006  0.2198  0.1543  0.1158  0.0888  0.0628  0.0414  0.0343  0.0296  0.0180  0.0070  0.0121  0.0174  0.0083 -0.0000 -0.0052 -0.0099 -0.0199 -0.0122 -0.0053  0.0019  0.0094  0.0174  0.0269  0.0377  0.0513  0.0719  0.0954  0.1281  0.1852  0.2674  0.3537  0.4569  0.5851  0.7507  1.0000
    59   biomsd   9.8331e+000 1.1773e-001   0.0337 -0.0134 -0.0082 -0.0036  0.0012  0.0062  0.0115  0.0179  0.0251  0.0342  0.0479  0.0635  0.0852  0.1232  0.1778  0.2351  0.3036  0.3888  0.4988  0.6644  1.0000  0.6416  0.4410  0.3266  0.2350  0.1749  0.1325  0.0971  0.0686  0.0536  0.0417  0.0272  0.0141  0.0140  0.0157  0.0085  0.0021 -0.0020 -0.0055 -0.0134 -0.0082 -0.0036  0.0012  0.0062  0.0115  0.0179  0.0251  0.0342  0.0479  0.0635  0.0852  0.1232  0.1778  0.2351  0.3036  0.3888  0.4988  0.6644  1.0000
    60   biomsd   9.8145e+000 1.4388e-001   0.1669 -0.0797 -0.0595 -0.0426 -0.0267 -0.0110  0.0037  0.0199  0.0349  0.0526  0.0781  0.0824  0.0954  0.1244  0.1442  0.1720  0.2091  0.2599  0.3272  0.4303  0.6416  1.0000  0.7076  0.5122  0.3526  0.2661  0.2061  0.1418  0.0877  0.0767  0.0715  0.0415  0.0118  0.0329  0.0532  0.0242 -0.0026 -0.0194 -0.0343 -0.0797 -0.0595 -0.0426 -0.0267 -0.0110  0.0037  0.0199  0.0349  0.0526  0.0781  0.0824  0.0954  0.1244  0.1442  0.1720  0.2091  0.2599  0.3272  0.4303  0.6416  1.0000
    61   biomsd   9.7960e+000 1.5170e-001   0.2904 -0.1407 -0.1064 -0.0780 -0.0515 -0.0258 -0.0020  0.0238  0.0468  0.0732  0.1110  0.1069  0.1149  0.1405  0.1357  0.1438  0.1611  0.1913  0.2336  0.3006  0.4410  0.7076  1.0000  0.7182  0.4866  0.3690  0.2880  0.1936  0.1131  0.1039  0.1033  0.0577  0.0114  0.0516  0.0888  0.0394 -0.0066 -0.0352 -0.0609 -0.1407 -0.1064 -0.0780 -0.0515 -0.0258 -0.0020  0.0238  0.0468  0.0732  0.1110  0.1069  0.1149  0.1405  0.1357  0.1438  0.1611  0.1913  0.2336  0.3006  0.4410  0.7076  1.0000
    62   biomsd   9.8516e+000 1.5699e-001   0.1130 -0.0543 -0.0408 -0.0295 -0.0189 -0.0085  0.0012  0.0118  0.0214  0.0327  0.0489  0.0500  0.0565  0.0721  0.0793  0.0916  0.1092  0.1343  0.1679  0.2198  0.3266  0.5122  0.7182  1.0000  0.7181  0.5350  0.4057  0.2964  0.2084  0.1635  0.1283  0.0832  0.0424  0.0439  0.0505  0.0270  0.0059 -0.0075 -0.0189 -0.0543 -0.0408 -0.0295 -0.0189 -0.0085  0.0012  0.0118  0.0214  0.0327  0.0489  0.0500  0.0565  0.0721  0.0793  0.0916  0.1092  0.1343  0.1679  0.2198  0.3266  0.5122  0.7182  1.0000
    63   biomsd   9.9073e+000 1.5167e-001  -0.0565  0.0283  0.0221  0.0170  0.0124  0.0081  0.0044  0.0005 -0.0024 -0.0056 -0.0097 -0.0035  0.0020  0.0088  0.0284  0.0458  0.0650  0.0867  0.1140  0.1543  0.2350  0.3526  0.4866  0.7181  1.0000  0.7385  0.5518  0.4200  0.3184  0.2345  0.1624  0.1145  0.0763  0.0392  0.0157  0.0165  0.0188  0.0197  0.0216  0.0283  0.0221  0.0170  0.0124  0.0081  0.0044  0.0005 -0.0024 -0.0056 -0.0097 -0.0035  0.0020  0.0088  0.0284  0.0458  0.0650  0.0867  0.1140  0.1543  0.2350  0.3526  0.4866  0.7181  1.0000
    64   biomsd   9.9152e+000 1.6235e-001  -0.0115  0.0062  0.0051  0.0042  0.0035  0.0029  0.0025  0.0021  0.0021  0.0023  0.0027  0.0061  0.0100  0.0161  0.0275  0.0386  0.0514  0.0668  0.0864  0.1158  0.1749  0.2661  0.3690  0.5350  0.7385  1.0000  0.7496  0.5653  0.4217  0.3148  0.2244  0.1551  0.0979  0.0596  0.0378  0.0287  0.0222  0.0175  0.0147  0.0062  0.0051  0.0042  0.0035  0.0029  0.0025  0.0021  0.0021  0.0023  0.0027  0.0061  0.0100  0.0161  0.0275  0.0386  0.0514  0.0668  0.0864  0.1158  0.1749  0.2661  0.3690  0.5350  0.7385  1.0000
    65   biomsd   9.9231e+000 1.5972e-001   0.0302 -0.0143 -0.0107 -0.0076 -0.0047 -0.0018  0.0009  0.0039  0.0067  0.0099  0.0147  0.0158  0.0185  0.0244  0.0289  0.0349  0.0428  0.0534  0.0674  0.0888  0.1325  0.2061  0.2880  0.4057  0.5518  0.7496  1.0000  0.7505  0.5550  0.4173  0.3020  0.2066  0.1265  0.0839  0.0619  0.0427  0.0273  0.0169  0.0093 -0.0143 -0.0107 -0.0076 -0.0047 -0.0018  0.0009  0.0039  0.0067  0.0099  0.0147  0.0158  0.0185  0.0244  0.0289  0.0349  0.0428  0.0534  0.0674  0.0888  0.1325  0.2061  0.2880  0.4057  0.5518  0.7496  1.0000
    66   biomsd   9.9608e+000 1.6531e-001  -0.0573  0.0283  0.0218  0.0164  0.0115  0.0069  0.0027 -0.0018 -0.0054 -0.0095 -0.0151 -0.0112 -0.0087 -0.0070  0.0047  0.0140  0.0235  0.0334  0.0454  0.0628  0.0971  0.1418  0.1936  0.2964  0.4200  0.5653  0.7505  1.0000  0.7499  0.5573  0.3936  0.2737  0.1759  0.1015  0.0573  0.0471  0.0410  0.0361  0.0343  0.0283  0.0218  0.0164  0.0115  0.0069  0.0027 -0.0018 -0.0054 -0.0095 -0.0151 -0.0112 -0.0087 -0.0070  0.0047  0.0140  0.0235  0.0334  0.0454  0.0628  0.0971  0.1418  0.1936  0.2964  0.4200  0.5653  0.7505  1.0000
    67   biomsd   9.9984e+000 1.5928e-001  -0.1492  0.0732  0.0559  0.0417  0.0287  0.0161  0.0047 -0.0075 -0.0179 -0.0296 -0.0461 -0.0390 -0.0367 -0.0389 -0.0193 -0.0059  0.0059  0.0158  0.0267  0.0414  0.0686  0.0877  0.1131  0.2084  0.3184  0.4217  0.5550  0.7499  1.0000  0.7384  0.5142  0.3610  0.2382  0.1265  0.0569  0.0550  0.0578  0.0580  0.0618  0.0732  0.0559  0.0417  0.0287  0.0161  0.0047 -0.0075 -0.0179 -0.0296 -0.0461 -0.0390 -0.0367 -0.0389 -0.0193 -0.0059  0.0059  0.0158  0.0267  0.0414  0.0686  0.0877  0.1131  0.2084  0.3184  0.4217  0.5550  0.7499  1.0000
    68   biomsd   9.9891e+000 1.5736e-001  -0.0452  0.0223  0.0171  0.0128  0.0089  0.0052  0.0018 -0.0018 -0.0047 -0.0081 -0.0128 -0.0101 -0.0086 -0.0081 -0.0002  0.0057  0.0116  0.0175  0.0244  0.0343  0.0536  0.0767  0.1039  0.1635  0.2345  0.3148  0.4173  0.5573  0.7384  1.0000  0.7119  0.4924  0.3115  0.1884  0.1178  0.0904  0.0709  0.0568  0.0486  0.0223  0.0171  0.0128  0.0089  0.0052  0.0018 -0.0018 -0.0047 -0.0081 -0.0128 -0.0101 -0.0086 -0.0081 -0.0002  0.0057  0.0116  0.0175  0.0244  0.0343  0.0536  0.0767  0.1039  0.1635  0.2345  0.3148  0.4173  0.5573  0.7384  1.0000
    69   biomsd   9.9799e+000 1.4216e-001   0.0670 -0.0327 -0.0248 -0.0183 -0.0123 -0.0065 -0.0012  0.0045  0.0095  0.0153  0.0234  0.0214  0.0220  0.0257  0.0211  0.0194  0.0191  0.0209  0.0241  0.0296  0.0417  0.0715  0.1033  0.1283  0.1624  0.2244  0.3020  0.3936  0.5142  0.7119  1.0000  0.6856  0.4227  0.2753  0.1970  0.1385  0.0921  0.0606  0.0384 -0.0327 -0.0248 -0.0183 -0.0123 -0.0065 -0.0012  0.0045  0.0095  0.0153  0.0234  0.0214  0.0220  0.0257  0.0211  0.0194  0.0191  0.0209  0.0241  0.0296  0.0417  0.0715  0.1033  0.1283  0.1624  0.2244  0.3020  0.3936  0.5142  0.7119  1.0000
    70   biomsd   1.0009e+001 1.3851e-001  -0.0002  0.0002  0.0002  0.0002  0.0002  0.0003  0.0003  0.0004  0.0005  0.0007  0.0009  0.0014  0.0020  0.0030  0.0046  0.0062  0.0081  0.0105  0.0135  0.0180  0.0272  0.0415  0.0577  0.0832  0.1145  0.1551  0.2066  0.2737  0.3610  0.4924  0.6856  1.0000  0.6249  0.3917  0.2624  0.1925  0.1393  0.1023  0.0781  0.0002  0.0002  0.0002  0.0002  0.0003  0.0003  0.0004  0.0005  0.0007  0.0009  0.0014  0.0020  0.0030  0.0046  0.0062  0.0081  0.0105  0.0135  0.0180  0.0272  0.0415  0.0577  0.0832  0.1145  0.1551  0.2066  0.2737  0.3610  0.4924  0.6856  1.0000
    71   biomsd   1.0039e+001 1.1301e-001  -0.0848  0.0416  0.0317  0.0236  0.0161  0.0089  0.0023 -0.0047 -0.0107 -0.0175 -0.0272 -0.0235 -0.0227 -0.0249 -0.0152 -0.0091 -0.0041 -0.0006  0.0028  0.0070  0.0141  0.0118  0.0114  0.0424  0.0763  0.0979  0.1265  0.1759  0.2382  0.3115  0.4227  0.6249  1.0000  0.6140  0.3956  0.2977  0.2256  0.1745  0.1431  0.0416  0.0317  0.0236  0.0161  0.0089  0.0023 -0.0047 -0.0107 -0.0175 -0.0272 -0.0235 -0.0227 -0.0249 -0.0152 -0.0091 -0.0041 -0.0006  0.0028  0.0070  0.0141  0.0118  0.0114  0.0424  0.0763  0.0979  0.1265  0.1759  0.2382  0.3115  0.4227  0.6249  1.0000
    72   biomsd   1.0013e+001 1.3956e-001   0.0997 -0.0487 -0.0371 -0.0276 -0.0187 -0.0102 -0.0024  0.0060  0.0132  0.0214  0.0330  0.0293  0.0290  0.0328  0.0231  0.0178  0.0140  0.0126  0.0119  0.0121  0.0140  0.0329  0.0516  0.0439  0.0392  0.0596  0.0839  0.1015  0.1265  0.1884  0.2753  0.3917  0.6140  1.0000  0.6887  0.4964  0.3470  0.2444  0.1748 -0.0487 -0.0371 -0.0276 -0.0187 -0.0102 -0.0024  0.0060  0.0132  0.0214  0.0330  0.0293  0.0290  0.0328  0.0231  0.0178  0.0140  0.0126  0.0119  0.0121  0.0140  0.0329  0.0516  0.0439  0.0392  0.0596  0.0839  0.1015  0.1265  0.1884  0.2753  0.3917  0.6140  1.0000
    73   biomsd   9.9879e+000 1.4754e-001   0.2536 -0.1240 -0.0945 -0.0702 -0.0477 -0.0261 -0.0063  0.0149  0.0332  0.0539  0.0833  0.0735  0.0723  0.0811  0.0554  0.0406  0.0297  0.0243  0.0204  0.0174  0.0157  0.0532  0.0888  0.0505  0.0157  0.0378  0.0619  0.0573  0.0569  0.1178  0.1970  0.2624  0.3956  0.6887  1.0000  0.7110  0.4837  0.3286  0.2212 -0.1240 -0.0945 -0.0702 -0.0477 -0.0261 -0.0063  0.0149  0.0332  0.0539  0.0833  0.0735  0.0723  0.0811  0.0554  0.0406  0.0297  0.0243  0.0204  0.0174  0.0157  0.0532  0.0888  0.0505  0.0157  0.0378  0.0619  0.0573  0.0569  0.1178  0.1970  0.2624  0.3956  0.6887  1.0000
    74   biomsd   1.0035e+001 1.5406e-001   0.0973 -0.0476 -0.0362 -0.0269 -0.0183 -0.0100 -0.0024  0.0058  0.0128  0.0207  0.0320  0.0283  0.0279  0.0314  0.0217  0.0161  0.0121  0.0103  0.0091  0.0083  0.0085  0.0242  0.0394  0.0270  0.0165  0.0287  0.0427  0.0471  0.0550  0.0904  0.1385  0.1925  0.2977  0.4964  0.7110  1.0000  0.7117  0.5123  0.3797 -0.0476 -0.0362 -0.0269 -0.0183 -0.0100 -0.0024  0.0058  0.0128  0.0207  0.0320  0.0283  0.0279  0.0314  0.0217  0.0161  0.0121  0.0103  0.0091  0.0083  0.0085  0.0242  0.0394  0.0270  0.0165  0.0287  0.0427  0.0471  0.0550  0.0904  0.1385  0.1925  0.2977  0.4964  0.7110  1.0000
    75   biomsd   1.0081e+001 1.4790e-001  -0.0504  0.0247  0.0188  0.0140  0.0095  0.0052  0.0013 -0.0029 -0.0065 -0.0106 -0.0164 -0.0143 -0.0140 -0.0155 -0.0101 -0.0069 -0.0043 -0.0028 -0.0015 -0.0000  0.0021 -0.0026 -0.0066  0.0059  0.0188  0.0222  0.0273  0.0410  0.0578  0.0709  0.0921  0.1393  0.2256  0.3470  0.4837  0.7117  1.0000  0.7394  0.5703  0.0247  0.0188  0.0140  0.0095  0.0052  0.0013 -0.0029 -0.0065 -0.0106 -0.0164 -0.0143 -0.0140 -0.0155 -0.0101 -0.0069 -0.0043 -0.0028 -0.0015 -0.0000  0.0021 -0.0026 -0.0066  0.0059  0.0188  0.0222  0.0273  0.0410  0.0578  0.0709  0.0921  0.1393  0.2256  0.3470  0.4837  0.7117  1.0000
    76   biomsd   1.0117e+001 1.6934e-001  -0.1415  0.0692  0.0528  0.0392  0.0267  0.0146  0.0036 -0.0082 -0.0184 -0.0299 -0.0462 -0.0406 -0.0398 -0.0445 -0.0297 -0.0211 -0.0145 -0.0109 -0.0080 -0.0052 -0.0020 -0.0194 -0.0352 -0.0075  0.0197  0.0175  0.0169  0.0361  0.0580  0.0568  0.0606  0.1023  0.1745  0.2444  0.3286  0.5123  0.7394  1.0000  0.7799  0.0692  0.0528  0.0392  0.0267  0.0146  0.0036 -0.0082 -0.0184 -0.0299 -0.0462 -0.0406 -0.0398 -0.0445 -0.0297 -0.0211 -0.0145 -0.0109 -0.0080 -0.0052 -0.0020 -0.0194 -0.0352 -0.0075  0.0197  0.0175  0.0169  0.0361  0.0580  0.0568  0.0606  0.1023  0.1745  0.2444  0.3286  0.5123  0.7394  1.0000
    77   biomsd   1.0153e+001 1.7978e-001  -0.2251  0.1101  0.0839  0.0624  0.0424  0.0233  0.0057 -0.0131 -0.0292 -0.0476 -0.0736 -0.0648 -0.0636 -0.0710 -0.0477 -0.0341 -0.0238 -0.0183 -0.0139 -0.0099 -0.0055 -0.0343 -0.0609 -0.0189  0.0216  0.0147  0.0093  0.0343  0.0618  0.0486  0.0384  0.0781  0.1431  0.1748  0.2212  0.3797  0.5703  0.7799  1.0000  0.1101  0.0839  0.0624  0.0424  0.0233  0.0057 -0.0131 -0.0292 -0.0476 -0.0736 -0.0648 -0.0636 -0.0710 -0.0477 -0.0341 -0.0238 -0.0183 -0.0139 -0.0099 -0.0055 -0.0343 -0.0609 -0.0189  0.0216  0.0147  0.0093  0.0343  0.0618  0.0486  0.0384  0.0781  0.1431  0.1748  0.2212  0.3797  0.5703  0.7799  1.0000
    78   biomA    3.8435e+004 6.8318e+003  -0.4891  1.0000  0.7938  0.6296  0.4855  0.3619  0.2593  0.1623  0.0811  0.0043 -0.0861 -0.0889 -0.1013 -0.1304 -0.0873 -0.0621 -0.0431 -0.0337 -0.0263 -0.0199 -0.0134 -0.0797 -0.1407 -0.0543  0.0283  0.0062 -0.0143  0.0283  0.0732  0.0223 -0.0327  0.0002  0.0416 -0.0487 -0.1240 -0.0476  0.0247  0.0692  0.1101  1.0000  0.7938  0.6296  0.4855  0.3619  0.2593  0.1623  0.0811  0.0043 -0.0861 -0.0889 -0.1013 -0.1304 -0.0873 -0.0621 -0.0431 -0.0337 -0.0263 -0.0199 -0.0134 -0.0797 -0.1407 -0.0543  0.0283  0.0062 -0.0143  0.0283  0.0732  0.0223 -0.0327  0.0002  0.0416 -0.0487 -0.1240 -0.0476  0.0247  0.0692  0.1101  1.0000
    79   biomA    3.5477e+004 6.5481e+003  -0.3729  0.7938  1.0000  0.7991  0.6242  0.4771  0.3572  0.2470  0.1554  0.0730 -0.0179 -0.0342 -0.0533 -0.0836 -0.0556 -0.0390 -0.0263 -0.0206 -0.0161 -0.0122 -0.0082 -0.0595 -0.1064 -0.0408  0.0221  0.0051 -0.0107  0.0218  0.0559  0.0171 -0.0248  0.0002  0.0317 -0.0371 -0.0945 -0.0362  0.0188  0.0528  0.0839  0.7938  1.0000  0.7991  0.6242  0.4771  0.3572  0.2470  0.1554  0.0730 -0.0179 -0.0342 -0.0533 -0.0836 -0.0556 -0.0390 -0.0263 -0.0206 -0.0161 -0.0122 -0.0082 -0.0595 -0.1064 -0.0408  0.0221  0.0051 -0.0107  0.0218  0.0559  0.0171 -0.0248  0.0002  0.0317 -0.0371 -0.0945 -0.0362  0.0188  0.0528  0.0839  0.7938  1.0000
    80   biomA    3.2746e+004 5.9950e+003  -0.2770  0.6296  0.7991  1.0000  0.7873  0.6106  0.4685  0.3405  0.2345  0.1430  0.0476  0.0174 -0.0090 -0.0420 -0.0272 -0.0183 -0.0113 -0.0088 -0.0069 -0.0053 -0.0036 -0.0426 -0.0780 -0.0295  0.0170  0.0042 -0.0076  0.0164  0.0417  0.0128 -0.0183  0.0002  0.0236 -0.0276 -0.0702 -0.0269  0.0140  0.0392  0.0624  0.6296  0.7991  1.0000  0.7873  0.6106  0.4685  0.3405  0.2345  0.1430  0.0476  0.0174 -0.0090 -0.0420 -0.0272 -0.0183 -0.0113 -0.0088 -0.0069 -0.0053 -0.0036 -0.0426 -0.0780 -0.0295  0.0170  0.0042 -0.0076  0.0164  0.0417  0.0128 -0.0183  0.0002  0.0236 -0.0276 -0.0702 -0.0269  0.0140  0.0392  0.0624  0.6296  0.7991  1.0000
    81   biomA    3.0226e+004 5.2304e+003  -0.1884  0.4855  0.6242  0.7873  1.0000  0.7830  0.6103  0.4570  0.3305  0.2248  0.1197  0.0733  0.0377  0.0003  0.0017  0.0029  0.0042  0.0033  0.0025  0.0019  0.0012 -0.0267 -0.0515 -0.0189  0.0124  0.0035 -0.0047  0.0115  0.0287  0.0089 -0.0123  0.0002  0.0161 -0.0187 -0.0477 -0.0183  0.0095  0.0267  0.0424  0.4855  0.6242  0.7873  1.0000  0.7830  0.6103  0.4570  0.3305  0.2248  0.1197  0.0733  0.0377  0.0003  0.0017  0.0029  0.0042  0.0033  0.0025  0.0019  0.0012 -0.0267 -0.0515 -0.0189  0.0124  0.0035 -0.0047  0.0115  0.0287  0.0089 -0.0123  0.0002  0.0161 -0.0187 -0.0477 -0.0183  0.0095  0.0267  0.0424  0.4855  0.6242  0.7873  1.0000
    82   biomA    2.7867e+004 4.9998e+003  -0.1032  0.3619  0.4771  0.6106  0.7830  1.0000  0.7872  0.6003  0.4465  0.3211  0.2013  0.1356  0.0887  0.0450  0.0323  0.0254  0.0208  0.0162  0.0126  0.0094  0.0062 -0.0110 -0.0258 -0.0085  0.0081  0.0029 -0.0018  0.0069  0.0161  0.0052 -0.0065  0.0003  0.0089 -0.0102 -0.0261 -0.0100  0.0052  0.0146  0.0233  0.3619  0.4771  0.6106  0.7830  1.0000  0.7872  0.6003  0.4465  0.3211  0.2013  0.1356  0.0887  0.0450  0.0323  0.0254  0.0208  0.0162  0.0126  0.0094  0.0062 -0.0110 -0.0258 -0.0085  0.0081  0.0029 -0.0018  0.0069  0.0161  0.0052 -0.0065  0.0003  0.0089 -0.0102 -0.0261 -0.0100  0.0052  0.0146  0.0233  0.3619  0.4771  0.6106  0.7830  1.0000
    83   biomA    2.5693e+004 4.5441e+003  -0.0252  0.2593  0.3572  0.4685  0.6103  0.7872  1.0000  0.7709  0.5826  0.4315  0.2912  0.2034  0.1431  0.0909  0.0638  0.0487  0.0380  0.0297  0.0231  0.0174  0.0115  0.0037 -0.0020  0.0012  0.0044  0.0025  0.0009  0.0027  0.0047  0.0018 -0.0012  0.0003  0.0023 -0.0024 -0.0063 -0.0024  0.0013  0.0036  0.0057  0.2593  0.3572  0.4685  0.6103  0.7872  1.0000  0.7709  0.5826  0.4315  0.2912  0.2034  0.1431  0.0909  0.0638  0.0487  0.0380  0.0297  0.0231  0.0174  0.0115  0.0037 -0.0020  0.0012  0.0044  0.0025  0.0009  0.0027  0.0047  0.0018 -0.0012  0.0003  0.0023 -0.0024 -0.0063 -0.0024  0.0013  0.0036  0.0057  0.2593  0.3572  0.4685  0.6103  0.7872  1.0000
    84   biomA    2.3688e+004 3.9076e+003   0.0583  0.1623  0.2470  0.3405  0.4570  0.6003  0.7709  1.0000  0.7635  0.5761  0.4054  0.2886  0.2104  0.1461  0.1017  0.0767  0.0589  0.0460  0.0359  0.0269  0.0179  0.0199  0.0238  0.0118  0.0005  0.0021  0.0039 -0.0018 -0.0075 -0.0018  0.0045  0.0004 -0.0047  0.0060  0.0149  0.0058 -0.0029 -0.0082 -0.0131  0.1623  0.2470  0.3405  0.4570  0.6003  0.7709  1.0000  0.7635  0.5761  0.4054  0.2886  0.2104  0.1461  0.1017  0.0767  0.0589  0.0460  0.0359  0.0269  0.0179  0.0199  0.0238  0.0118  0.0005  0.0021  0.0039 -0.0018 -0.0075 -0.0018  0.0045  0.0004 -0.0047  0.0060  0.0149  0.0058 -0.0029 -0.0082 -0.0131  0.1623  0.2470  0.3405  0.4570  0.6003  0.7709  1.0000
    85   biomA    2.1937e+004 3.7157e+003   0.1301  0.0811  0.1554  0.2345  0.3305  0.4465  0.5826  0.7635  1.0000  0.7606  0.5450  0.3910  0.2890  0.2072  0.1439  0.1081  0.0825  0.0644  0.0502  0.0377  0.0251  0.0349  0.0468  0.0214 -0.0024  0.0021  0.0067 -0.0054 -0.0179 -0.0047  0.0095  0.0005 -0.0107  0.0132  0.0332  0.0128 -0.0065 -0.0184 -0.0292  0.0811  0.1554  0.2345  0.3305  0.4465  0.5826  0.7635  1.0000  0.7606  0.5450  0.3910  0.2890  0.2072  0.1439  0.1081  0.0825  0.0644  0.0502  0.0377  0.0251  0.0349  0.0468  0.0214 -0.0024  0.0021  0.0067 -0.0054 -0.0179 -0.0047  0.0095  0.0005 -0.0107  0.0132  0.0332  0.0128 -0.0065 -0.0184 -0.0292  0.0811  0.1554  0.2345  0.3305  0.4465  0.5826  0.7635  1.0000
    86   biomA    2.0316e+004 3.3042e+003   0.2119  0.0043  0.0730  0.1430  0.2248  0.3211  0.4315  0.5761  0.7606  1.0000  0.7240  0.5216  0.3885  0.2833  0.1965  0.1474  0.1121  0.0875  0.0683  0.0513  0.0342  0.0526  0.0732  0.0327 -0.0056  0.0023  0.0099 -0.0095 -0.0296 -0.0081  0.0153  0.0007 -0.0175  0.0214  0.0539  0.0207 -0.0106 -0.0299 -0.0476  0.0043  0.0730  0.1430  0.2248  0.3211  0.4315  0.5761  0.7606  1.0000  0.7240  0.5216  0.3885  0.2833  0.1965  0.1474  0.1121  0.0875  0.0683  0.0513  0.0342  0.0526  0.0732  0.0327 -0.0056  0.0023  0.0099 -0.0095 -0.0296 -0.0081  0.0153  0.0007 -0.0175  0.0214  0.0539  0.0207 -0.0106 -0.0299 -0.0476  0.0043  0.0730  0.1430  0.2248  0.3211  0.4315  0.5761  0.7606  1.0000
    87   biomA    1.8815e+004 2.6939e+003   0.3274 -0.0861 -0.0179  0.0476  0.1197  0.2013  0.2912  0.4054  0.5450  0.7240  1.0000  0.7224  0.5408  0.3986  0.2762  0.2069  0.1571  0.1227  0.0957  0.0719  0.0479  0.0781  0.1110  0.0489 -0.0097  0.0027  0.0147 -0.0151 -0.0461 -0.0128  0.0234  0.0009 -0.0272  0.0330  0.0833  0.0320 -0.0164 -0.0462 -0.0736 -0.0861 -0.0179  0.0476  0.1197  0.2013  0.2912  0.4054  0.5450  0.7240  1.0000  0.7224  0.5408  0.3986  0.2762  0.2069  0.1571  0.1227  0.0957  0.0719  0.0479  0.0781  0.1110  0.0489 -0.0097  0.0027  0.0147 -0.0151 -0.0461 -0.0128  0.0234  0.0009 -0.0272  0.0330  0.0833  0.0320 -0.0164 -0.0462 -0.0736 -0.0861 -0.0179  0.0476  0.1197  0.2013  0.2912  0.4054  0.5450  0.7240  1.0000
    88   biomA    1.8262e+004 2.8501e+003   0.2883 -0.0889 -0.0342  0.0174  0.0733  0.1356  0.2034  0.2886  0.3910  0.5216  0.7224  1.0000  0.7357  0.5218  0.3627  0.2729  0.2087  0.1630  0.1271  0.0954  0.0635  0.0824  0.1069  0.0500 -0.0035  0.0061  0.0158 -0.0112 -0.0390 -0.0101  0.0214  0.0014 -0.0235  0.0293  0.0735  0.0283 -0.0143 -0.0406 -0.0648 -0.0889 -0.0342  0.0174  0.0733  0.1356  0.2034  0.2886  0.3910  0.5216  0.7224  1.0000  0.7357  0.5218  0.3627  0.2729  0.2087  0.1630  0.1271  0.0954  0.0635  0.0824  0.1069  0.0500 -0.0035  0.0061  0.0158 -0.0112 -0.0390 -0.0101  0.0214  0.0014 -0.0235  0.0293  0.0735  0.0283 -0.0143 -0.0406 -0.0648 -0.0889 -0.0342  0.0174  0.0733  0.1356  0.2034  0.2886  0.3910  0.5216  0.7224  1.0000
    89   biomA    1.7726e+004 2.6982e+003   0.2831 -0.1013 -0.0533 -0.0090  0.0377  0.0887  0.1431  0.2104  0.2890  0.3885  0.5408  0.7357  1.0000  0.6951  0.4840  0.3650  0.2801  0.2188  0.1706  0.1281  0.0852  0.0954  0.1149  0.0565  0.0020  0.0100  0.0185 -0.0087 -0.0367 -0.0086  0.0220  0.0020 -0.0227  0.0290  0.0723  0.0279 -0.0140 -0.0398 -0.0636 -0.1013 -0.0533 -0.0090  0.0377  0.0887  0.1431  0.2104  0.2890  0.3885  0.5408  0.7357  1.0000  0.6951  0.4840  0.3650  0.2801  0.2188  0.1706  0.1281  0.0852  0.0954  0.1149  0.0565  0.0020  0.0100  0.0185 -0.0087 -0.0367 -0.0086  0.0220  0.0020 -0.0227  0.0290  0.0723  0.0279 -0.0140 -0.0398 -0.0636 -0.1013 -0.0533 -0.0090  0.0377  0.0887  0.1431  0.2104  0.2890  0.3885  0.5408  0.7357  1.0000
    90   biomA    1.7206e+004 2.2397e+003   0.3165 -0.1304 -0.0836 -0.0420  0.0003  0.0450  0.0909  0.1461  0.2072  0.2833  0.3986  0.5218  0.6951  1.0000  0.6970  0.5264  0.4050  0.3163  0.2466  0.1852  0.1232  0.1244  0.1405  0.0721  0.0088  0.0161  0.0244 -0.0070 -0.0389 -0.0081  0.0257  0.0030 -0.0249  0.0328  0.0811  0.0314 -0.0155 -0.0445 -0.0710 -0.1304 -0.0836 -0.0420  0.0003  0.0450  0.0909  0.1461  0.2072  0.2833  0.3986  0.5218  0.6951  1.0000  0.6970  0.5264  0.4050  0.3163  0.2466  0.1852  0.1232  0.1244  0.1405  0.0721  0.0088  0.0161  0.0244 -0.0070 -0.0389 -0.0081  0.0257  0.0030 -0.0249  0.0328  0.0811  0.0314 -0.0155 -0.0445 -0.0710 -0.1304 -0.0836 -0.0420  0.0003  0.0450  0.0909  0.1461  0.2072  0.2833  0.3986  0.5218  0.6951  1.0000
    91   biomA    1.7435e+004 2.7498e+003   0.2135 -0.0873 -0.0556 -0.0272  0.0017  0.0323  0.0638  0.1017  0.1439  0.1965  0.2762  0.3627  0.4840  0.6970  1.0000  0.7573  0.5852  0.4570  0.3562  0.2674  0.1778  0.1442  0.1357  0.0793  0.0284  0.0275  0.0289  0.0047 -0.0193 -0.0002  0.0211  0.0046 -0.0152  0.0231  0.0554  0.0217 -0.0101 -0.0297 -0.0477 -0.0873 -0.0556 -0.0272  0.0017  0.0323  0.0638  0.1017  0.1439  0.1965  0.2762  0.3627  0.4840  0.6970  1.0000  0.7573  0.5852  0.4570  0.3562  0.2674  0.1778  0.1442  0.1357  0.0793  0.0284  0.0275  0.0289  0.0047 -0.0193 -0.0002  0.0211  0.0046 -0.0152  0.0231  0.0554  0.0217 -0.0101 -0.0297 -0.0477 -0.0873 -0.0556 -0.0272  0.0017  0.0323  0.0638  0.1017  0.1439  0.1965  0.2762  0.3627  0.4840  0.6970  1.0000
    92   biomA    1.7668e+004 3.0099e+003   0.1535 -0.0621 -0.0390 -0.0183  0.0029  0.0254  0.0487  0.0767  0.1081  0.1474  0.2069  0.2729  0.3650  0.5264  0.7573  1.0000  0.7740  0.6044  0.4711  0.3537  0.2351  0.1720  0.1438  0.0916  0.0458  0.0386  0.0349  0.0140 -0.0059  0.0057  0.0194  0.0062 -0.0091  0.0178  0.0406  0.0161 -0.0069 -0.0211 -0.0341 -0.0621 -0.0390 -0.0183  0.0029  0.0254  0.0487  0.0767  0.1081  0.1474  0.2069  0.2729  0.3650  0.5264  0.7573  1.0000  0.7740  0.6044  0.4711  0.3537  0.2351  0.1720  0.1438  0.0916  0.0458  0.0386  0.0349  0.0140 -0.0059  0.0057  0.0194  0.0062 -0.0091  0.0178  0.0406  0.0161 -0.0069 -0.0211 -0.0341 -0.0621 -0.0390 -0.0183  0.0029  0.0254  0.0487  0.0767  0.1081  0.1474  0.2069  0.2729  0.3650  0.5264  0.7573  1.0000
    93   biomA    1.7903e+004 3.0693e+003   0.1087 -0.0431 -0.0263 -0.0113  0.0042  0.0208  0.0380  0.0589  0.0825  0.1121  0.1571  0.2087  0.2801  0.4050  0.5852  0.7740  1.0000  0.7808  0.6087  0.4569  0.3036  0.2091  0.1611  0.1092  0.0650  0.0514  0.0428  0.0235  0.0059  0.0116  0.0191  0.0081 -0.0041  0.0140  0.0297  0.0121 -0.0043 -0.0145 -0.0238 -0.0431 -0.0263 -0.0113  0.0042  0.0208  0.0380  0.0589  0.0825  0.1121  0.1571  0.2087  0.2801  0.4050  0.5852  0.7740  1.0000  0.7808  0.6087  0.4569  0.3036  0.2091  0.1611  0.1092  0.0650  0.0514  0.0428  0.0235  0.0059  0.0116  0.0191  0.0081 -0.0041  0.0140  0.0297  0.0121 -0.0043 -0.0145 -0.0238 -0.0431 -0.0263 -0.0113  0.0042  0.0208  0.0380  0.0589  0.0825  0.1121  0.1571  0.2087  0.2801  0.4050  0.5852  0.7740  1.0000
